 * Resultados Obtidos nas 10 Iteracoes: 

  --> Iteracao: 1
     Conjunto de Jobs:
     C = { 42, 28, 64, 58, 44, 96, 71, 12, 90, 83, 91, 74, 76, 93, 98, 75, 15, 49, 23, 31, 61, 78, 62, 99, 67, 13, 73, 0, 77, 7, 50, 79, 53, 51, 54, 95, 56, 9, 80, 34, 81, 66, 36, 37, 70, 32, 59, 63, 1, 52, 11, 2, 14, 97, 45, 24, 16, 17, 94, 46, 92, 65, 60, 85, 18, 38, 87, 55, 25, 30, 19, 39, 47, 26, 86, 29, 33, 3, 10, 57, 20, 4, 5, 6, 35, 48, 82, 89, 84, 27, 40, 69, 41, 68, 43, 88, 21, 8, 72, 22 }
     Makespan: 1931
     Alfa Utilizado: 0.09
     Duracao do Algoritmo: 1.26609s

  --> Iteracao: 2
     Conjunto de Jobs:
     C = { 61, 0, 13, 57, 58, 37, 38, 93, 92, 65, 56, 59, 42, 74, 68, 1, 11, 85, 80, 94, 87, 14, 63, 8, 67, 2, 12, 54, 96, 75, 15, 82, 16, 17, 30, 76, 60, 84, 32, 91, 36, 89, 90, 31, 33, 39, 18, 19, 66, 23, 72, 64, 51, 86, 24, 88, 7, 25, 49, 95, 10, 50, 79, 3, 98, 21, 40, 73, 22, 4, 70, 53, 9, 69, 26, 34, 44, 52, 62, 27, 83, 77, 28, 45, 5, 20, 35, 46, 41, 47, 29, 43, 81, 71, 97, 48, 78, 99, 6, 55 }
     Makespan: 1933
     Alfa Utilizado: 0.09
     Duracao do Algoritmo: 0.993215s

  --> Iteracao: 3
     Conjunto de Jobs:
     C = { 61, 78, 25, 27, 20, 44, 12, 85, 13, 14, 94, 87, 26, 58, 45, 10, 37, 23, 36, 60, 64, 92, 72, 80, 51, 91, 74, 76, 93, 15, 73, 68, 79, 54, 95, 96, 31, 63, 97, 49, 67, 62, 99, 6, 55, 8, 65, 56, 9, 90, 75, 38, 84, 11, 1, 39, 46, 16, 2, 53, 3, 70, 32, 7, 4, 5, 33, 17, 59, 0, 35, 83, 77, 50, 22, 18, 19, 47, 82, 48, 52, 71, 24, 81, 21, 40, 98, 66, 86, 41, 30, 89, 34, 42, 57, 28, 69, 29, 43, 88 }
     Makespan: 1934
     Alfa Utilizado: 0.09
     Duracao do Algoritmo: 1.18435s

  --> Iteracao: 4
     Conjunto de Jobs:
     C = { 6, 94, 53, 51, 80, 49, 67, 34, 68, 14, 78, 7, 56, 99, 82, 59, 96, 75, 74, 72, 64, 13, 93, 92, 60, 85, 50, 95, 10, 23, 15, 83, 71, 97, 87, 55, 11, 8, 65, 89, 9, 12, 24, 90, 44, 98, 16, 17, 91, 77, 76, 46, 0, 52, 84, 30, 25, 70, 58, 18, 36, 26, 42, 27, 79, 73, 57, 1, 28, 19, 29, 2, 88, 3, 66, 40, 4, 37, 81, 21, 31, 33, 38, 22, 35, 39, 69, 61, 20, 45, 62, 41, 86, 32, 54, 47, 43, 5, 63, 48 }
     Makespan: 1935
     Alfa Utilizado: 0.09
     Duracao do Algoritmo: 0.500418s

  --> Iteracao: 5
     Conjunto de Jobs:
     C = { 61, 58, 63, 93, 13, 49, 74, 76, 91, 64, 92, 11, 95, 34, 97, 50, 65, 60, 83, 59, 0, 44, 12, 85, 7, 75, 45, 78, 30, 43, 36, 37, 27, 94, 46, 51, 56, 80, 87, 14, 99, 15, 82, 89, 9, 84, 71, 54, 77, 1, 16, 24, 47, 86, 62, 32, 79, 73, 31, 23, 96, 42, 66, 18, 39, 68, 81, 10, 19, 90, 33, 20, 35, 25, 70, 3, 21, 40, 4, 5, 26, 2, 38, 22, 53, 41, 52, 88, 6, 55, 57, 28, 72, 98, 29, 17, 48, 8, 67, 69 }
     Makespan: 1933
     Alfa Utilizado: 0.09
     Duracao do Algoritmo: 0.879785s

  --> Iteracao: 6
     Conjunto de Jobs:
     C = { 66, 58, 63, 61, 78, 7, 90, 99, 51, 96, 41, 95, 44, 98, 60, 83, 93, 67, 48, 80, 25, 56, 59, 11, 8, 49, 12, 97, 45, 13, 15, 54, 9, 72, 92, 30, 74, 71, 82, 91, 85, 64, 87, 55, 46, 40, 73, 10, 77, 16, 23, 89, 79, 53, 84, 32, 14, 31, 33, 76, 37, 24, 62, 17, 81, 42, 18, 19, 47, 0, 35, 65, 29, 3, 26, 1, 38, 75, 34, 27, 50, 21, 94, 52, 86, 70, 36, 57, 28, 69, 20, 2, 4, 5, 88, 6, 22, 39, 68, 43 }
     Makespan: 1934
     Alfa Utilizado: 0.09
     Duracao do Algoritmo: 1.89461s

  --> Iteracao: 7
     Conjunto de Jobs:
     C = { 28, 60, 67, 63, 94, 56, 99, 95, 58, 11, 35, 36, 12, 54, 51, 0, 55, 8, 49, 14, 97, 10, 92, 15, 57, 91, 26, 42, 13, 93, 44, 85, 7, 78, 70, 83, 72, 33, 87, 1, 16, 2, 96, 9, 61, 37, 80, 68, 30, 90, 31, 53, 38, 75, 50, 98, 89, 45, 62, 64, 18, 23, 46, 19, 39, 47, 82, 59, 73, 25, 20, 3, 66, 41, 48, 52, 71, 84, 43, 34, 24, 4, 5, 77, 21, 40, 6, 22, 86, 32, 79, 17, 88, 81, 69, 74, 27, 76, 65, 29 }
     Makespan: 1933
     Alfa Utilizado: 0.09
     Duracao do Algoritmo: 1.12215s

  --> Iteracao: 8
     Conjunto de Jobs:
     C = { 64, 51, 83, 80, 49, 52, 44, 85, 7, 53, 91, 61, 72, 92, 71, 82, 67, 63, 15, 60, 74, 68, 87, 59, 73, 10, 90, 50, 95, 96, 9, 81, 97, 45, 62, 94, 77, 89, 84, 11, 28, 86, 54, 0, 99, 78, 30, 37, 8, 65, 56, 13, 46, 16, 17, 27, 32, 14, 31, 23, 36, 66, 18, 38, 75, 69, 1, 34, 19, 39, 24, 33, 20, 2, 76, 42, 21, 40, 58, 3, 70, 25, 41, 47, 26, 4, 5, 35, 43, 22, 98, 79, 57, 6, 55, 88, 48, 93, 12, 29 }
     Makespan: 1932
     Alfa Utilizado: 0.09
     Duracao do Algoritmo: 1.02619s

  --> Iteracao: 9
     Conjunto de Jobs:
     C = { 78, 99, 51, 54, 67, 63, 8, 64, 92, 96, 71, 68, 58, 83, 36, 12, 85, 84, 75, 74, 72, 80, 87, 73, 60, 15, 49, 14, 76, 93, 13, 70, 32, 90, 50, 65, 55, 94, 16, 23, 11, 52, 44, 10, 24, 69, 89, 45, 95, 25, 91, 61, 53, 48, 0, 17, 46, 42, 18, 39, 47, 1, 34, 20, 2, 9, 57, 30, 37, 3, 21, 31, 26, 4, 5, 33, 38, 22, 35, 19, 6, 77, 59, 62, 27, 40, 82, 28, 56, 29, 41, 97, 43, 86, 7, 79, 98, 88, 81, 66 }
     Makespan: 1937
     Alfa Utilizado: 0.09
     Duracao do Algoritmo: 0.520985s

  --> Iteracao: 10
     Conjunto de Jobs:
     C = { 66, 58, 94, 60, 64, 51, 80, 12, 90, 99, 93, 92, 10, 8, 63, 59, 62, 75, 78, 76, 95, 77, 83, 91, 85, 7, 55, 96, 74, 72, 14, 42, 13, 15, 32, 70, 0, 87, 82, 16, 79, 73, 1, 11, 89, 9, 98, 81, 53, 49, 84, 30, 17, 31, 33, 36, 44, 18, 19, 37, 23, 34, 45, 35, 65, 24, 67, 38, 2, 50, 21, 56, 52, 71, 54, 68, 25, 20, 3, 26, 4, 5, 6, 22, 39, 46, 40, 27, 86, 97, 57, 28, 69, 41, 47, 29, 43, 88, 48, 61 }
     Makespan: 1936
     Alfa Utilizado: 0.09
     Duracao do Algoritmo: 0.582949s


 --> Melhor Makespan Obtido: 1931
 --> Media dos Makespans Obtidos: 1933.8
 --> Media da Duracao Total das Iteracoes: 0.997074s
