 * Resultados Obtidos nas 10 Iteracoes: 

  --> Iteracao: 1
     Conjunto de Jobs:
     C = { 60, 52, 64, 61, 7, 10, 30, 81, 98, 91, 25, 69, 57, 79, 56, 75, 17, 50, 28, 93, 2, 89, 11, 86, 1, 0, 58, 55, 15, 5, 16, 95, 12, 73, 97, 4, 78, 99, 74, 65, 96, 90, 32, 3, 33, 24, 83, 26, 29, 92, 71, 21, 66, 27, 70, 8, 18, 53, 62, 67, 6, 77, 13, 9, 19, 85, 42, 87, 59, 20, 82, 45, 94, 34, 49, 76, 43, 51, 31, 44, 80, 22, 35, 68, 23, 46, 72, 36, 48, 63, 37, 38, 39, 54, 84, 88, 40, 47, 41, 14 }
     Makespan: 2404
     Alfa Utilizado: 0.1
     Duracao do Algoritmo: 1.30807s

  --> Iteracao: 2
     Conjunto de Jobs:
     C = { 64, 69, 73, 56, 75, 21, 98, 0, 8, 4, 65, 52, 45, 9, 60, 40, 63, 42, 29, 66, 10, 79, 93, 47, 49, 76, 5, 43, 96, 78, 11, 53, 67, 6, 15, 57, 44, 74, 22, 80, 26, 33, 91, 16, 51, 72, 23, 30, 1, 89, 83, 17, 7, 70, 88, 2, 25, 84, 27, 48, 90, 58, 77, 18, 35, 92, 34, 97, 85, 36, 99, 19, 94, 82, 81, 46, 3, 61, 12, 68, 20, 24, 71, 37, 38, 39, 13, 95, 14, 59, 28, 54, 86, 55, 50, 31, 41, 62, 32, 87 }
     Makespan: 2401
     Alfa Utilizado: 0.1
     Duracao do Algoritmo: 0.704117s

  --> Iteracao: 3
     Conjunto de Jobs:
     C = { 60, 45, 61, 93, 98, 91, 1, 4, 78, 74, 83, 51, 24, 85, 64, 81, 2, 95, 34, 97, 89, 58, 46, 76, 96, 66, 35, 17, 56, 3, 5, 75, 79, 6, 59, 36, 86, 47, 70, 88, 72, 65, 69, 73, 90, 32, 18, 25, 84, 77, 52, 87, 42, 48, 26, 0, 21, 92, 27, 19, 82, 15, 8, 99, 71, 11, 33, 44, 37, 38, 80, 39, 7, 12, 9, 29, 57, 20, 31, 62, 53, 67, 43, 54, 63, 50, 22, 13, 10, 14, 23, 68, 28, 40, 16, 55, 49, 30, 41, 94 }
     Makespan: 2404
     Alfa Utilizado: 0.1
     Duracao do Algoritmo: 1.34974s

  --> Iteracao: 4
     Conjunto de Jobs:
     C = { 60, 78, 0, 96, 69, 45, 61, 93, 55, 12, 94, 34, 49, 62, 82, 17, 50, 98, 15, 95, 70, 85, 97, 11, 46, 57, 65, 56, 74, 83, 25, 28, 66, 75, 79, 67, 58, 88, 1, 16, 30, 99, 35, 89, 63, 76, 5, 91, 9, 4, 6, 64, 10, 2, 48, 84, 73, 13, 72, 51, 32, 7, 8, 18, 29, 21, 92, 14, 59, 31, 19, 24, 71, 22, 42, 80, 40, 52, 77, 23, 26, 68, 36, 86, 53, 3, 87, 27, 37, 38, 39, 54, 90, 47, 43, 20, 41, 81, 33, 44 }
     Makespan: 2405
     Alfa Utilizado: 0.1
     Duracao do Algoritmo: 1.06404s

  --> Iteracao: 5
     Conjunto de Jobs:
     C = { 69, 75, 98, 60, 78, 42, 56, 79, 93, 76, 43, 51, 5, 54, 32, 29, 57, 89, 1, 88, 49, 84, 77, 81, 34, 97, 6, 70, 0, 96, 16, 82, 17, 7, 44, 58, 80, 53, 4, 47, 72, 65, 71, 21, 25, 86, 33, 11, 95, 22, 45, 91, 90, 23, 12, 73, 13, 48, 52, 92, 83, 14, 8, 99, 31, 46, 30, 66, 50, 9, 59, 61, 10, 2, 3, 24, 85, 36, 94, 18, 35, 26, 67, 19, 87, 20, 27, 68, 28, 39, 74, 55, 62, 37, 38, 40, 64, 63, 15, 41 }
     Makespan: 2411
     Alfa Utilizado: 0.1
     Duracao do Algoritmo: 2.06245s

  --> Iteracao: 6
     Conjunto de Jobs:
     C = { 61, 88, 86, 81, 93, 75, 26, 42, 69, 73, 43, 15, 95, 0, 98, 74, 87, 60, 52, 85, 4, 49, 1, 25, 45, 57, 44, 11, 97, 12, 17, 72, 5, 71, 53, 64, 99, 56, 6, 78, 89, 7, 8, 2, 58, 65, 13, 3, 14, 59, 77, 24, 29, 66, 50, 9, 96, 90, 80, 51, 32, 16, 30, 41, 54, 84, 28, 55, 10, 76, 21, 34, 47, 35, 92, 33, 22, 46, 83, 36, 23, 18, 37, 38, 39, 48, 82, 91, 94, 40, 20, 31, 27, 67, 19, 70, 68, 79, 62, 63 }
     Makespan: 2408
     Alfa Utilizado: 0.1
     Duracao do Algoritmo: 1.38801s

  --> Iteracao: 7
     Conjunto de Jobs:
     C = { 69, 75, 62, 79, 56, 4, 88, 86, 47, 63, 50, 1, 25, 51, 5, 93, 2, 95, 64, 73, 8, 89, 82, 58, 72, 81, 52, 15, 91, 16, 44, 53, 11, 97, 9, 12, 76, 74, 3, 29, 7, 84, 67, 99, 70, 98, 0, 96, 78, 13, 10, 30, 80, 26, 90, 42, 14, 59, 77, 18, 71, 19, 83, 55, 43, 31, 27, 48, 39, 21, 22, 35, 32, 87, 23, 46, 65, 28, 45, 57, 66, 85, 36, 60, 37, 38, 17, 54, 33, 34, 61, 92, 6, 94, 40, 24, 20, 41, 49, 68 }
     Makespan: 2405
     Alfa Utilizado: 0.1
     Duracao do Algoritmo: 0.980248s

  --> Iteracao: 8
     Conjunto de Jobs:
     C = { 48, 34, 49, 76, 11, 21, 78, 93, 82, 45, 79, 58, 88, 59, 86, 81, 52, 35, 89, 98, 19, 84, 83, 1, 16, 5, 75, 26, 73, 56, 0, 46, 12, 74, 22, 97, 6, 4, 13, 95, 96, 61, 65, 50, 8, 85, 66, 38, 15, 99, 9, 29, 64, 72, 60, 71, 36, 68, 17, 51, 94, 57, 2, 24, 90, 23, 18, 37, 92, 87, 27, 67, 39, 25, 40, 20, 31, 32, 42, 3, 91, 41, 62, 53, 33, 77, 63, 47, 43, 54, 70, 69, 44, 55, 30, 28, 80, 14, 7, 10 }
     Makespan: 2410
     Alfa Utilizado: 0.1
     Duracao do Algoritmo: 0.567133s

  --> Iteracao: 9
     Conjunto de Jobs:
     C = { 12, 76, 5, 75, 24, 58, 98, 93, 8, 82, 45, 69, 32, 95, 64, 51, 79, 57, 4, 78, 42, 70, 25, 29, 86, 15, 83, 60, 80, 97, 89, 11, 56, 0, 74, 84, 17, 1, 18, 41, 81, 2, 73, 72, 3, 91, 52, 88, 85, 9, 77, 48, 90, 61, 26, 99, 71, 34, 7, 44, 53, 62, 21, 92, 87, 27, 16, 35, 13, 36, 22, 33, 65, 28, 54, 14, 23, 30, 31, 6, 94, 19, 37, 38, 20, 47, 39, 55, 43, 50, 63, 46, 96, 40, 66, 10, 49, 67, 59, 68 }
     Makespan: 2407
     Alfa Utilizado: 0.1
     Duracao do Algoritmo: 0.689126s

  --> Iteracao: 10
     Conjunto de Jobs:
     C = { 40, 52, 26, 95, 64, 69, 45, 91, 1, 4, 65, 15, 27, 79, 57, 66, 42, 70, 74, 75, 89, 98, 34, 97, 56, 0, 58, 88, 83, 90, 2, 67, 3, 93, 59, 61, 86, 46, 16, 82, 85, 30, 17, 51, 24, 99, 81, 8, 87, 53, 11, 76, 96, 78, 25, 29, 84, 92, 71, 68, 21, 22, 35, 80, 9, 12, 63, 18, 23, 13, 36, 14, 62, 32, 31, 19, 33, 10, 49, 50, 5, 43, 20, 6, 28, 7, 44, 37, 38, 39, 54, 47, 94, 55, 48, 73, 72, 60, 77, 41 }
     Makespan: 2406
     Alfa Utilizado: 0.1
     Duracao do Algoritmo: 0.292324s


 --> Melhor Makespan Obtido: 2401
 --> Media dos Makespans Obtidos: 2406.1
 --> Media da Duracao Total das Iteracoes: 1.04053s
