 * Resultados Obtidos nas 10 Iteracoes: 

  --> Iteracao: 1
     Conjunto de Jobs:
     C = { 63, 8, 67, 30, 68, 85, 7, 75, 76, 45, 96, 71, 87, 55, 94, 56, 98, 10, 1, 80, 78, 58, 42, 74, 77, 59, 93, 13, 60, 15, 83, 91, 64, 31, 9, 90, 92, 72, 14, 99, 0, 73, 79, 53, 33, 36, 12, 49, 21, 82, 89, 34, 44, 50, 23, 11, 16, 2, 32, 35, 65, 3, 70, 81, 61, 37, 38, 51, 66, 26, 24, 4, 5, 52, 6, 84, 39, 18, 40, 17, 46, 19, 28, 69, 48, 57, 54, 97, 95, 25, 41, 86, 22, 43, 88, 62, 27, 20, 29, 47 }
     Makespan: 3431
     Alfa Utilizado: 0.09
     Duracao do Algoritmo: 0.87257s

  --> Iteracao: 2
     Conjunto de Jobs:
     C = { 41, 51, 80, 23, 99, 63, 94, 60, 96, 75, 95, 56, 54, 65, 78, 58, 77, 7, 67, 82, 61, 72, 44, 98, 53, 49, 90, 0, 73, 1, 91, 92, 93, 13, 14, 40, 12, 66, 3, 16, 9, 85, 64, 87, 8, 55, 11, 35, 36, 86, 81, 97, 50, 89, 5, 88, 32, 70, 83, 71, 38, 84, 30, 59, 62, 34, 24, 69, 45, 10, 37, 25, 42, 46, 15, 52, 6, 26, 68, 79, 17, 27, 76, 28, 31, 29, 33, 39, 18, 19, 47, 74, 48, 57, 20, 4, 21, 2, 43, 22 }
     Makespan: 3428
     Alfa Utilizado: 0.09
     Duracao do Algoritmo: 1.66117s

  --> Iteracao: 3
     Conjunto de Jobs:
     C = { 64, 37, 61, 84, 75, 74, 53, 49, 95, 76, 90, 67, 83, 36, 58, 42, 92, 71, 60, 96, 12, 97, 10, 77, 70, 7, 63, 8, 72, 78, 66, 91, 85, 13, 14, 31, 9, 15, 73, 11, 16, 23, 94, 99, 98, 79, 17, 87, 34, 93, 33, 51, 18, 89, 54, 35, 19, 62, 32, 20, 80, 68, 45, 38, 2, 50, 44, 24, 81, 3, 21, 82, 39, 4, 5, 52, 6, 22, 25, 56, 29, 59, 26, 86, 65, 55, 88, 27, 40, 1, 28, 46, 41, 47, 0, 48, 57, 30, 43, 69 }
     Makespan: 3431
     Alfa Utilizado: 0.09
     Duracao do Algoritmo: 0.862357s

  --> Iteracao: 4
     Conjunto de Jobs:
     C = { 65, 78, 76, 94, 60, 85, 28, 14, 99, 87, 8, 67, 37, 10, 64, 80, 68, 58, 15, 91, 32, 7, 88, 70, 83, 72, 61, 16, 81, 92, 11, 93, 12, 49, 23, 96, 30, 90, 44, 24, 63, 0, 17, 31, 33, 38, 95, 36, 82, 75, 45, 1, 98, 35, 25, 46, 62, 97, 34, 47, 89, 54, 77, 50, 84, 71, 51, 56, 52, 18, 19, 39, 79, 53, 48, 2, 26, 66, 3, 57, 20, 4, 5, 59, 73, 21, 40, 29, 22, 55, 9, 69, 41, 86, 43, 74, 27, 42, 13, 6 }
     Makespan: 3430
     Alfa Utilizado: 0.09
     Duracao do Algoritmo: 1.10296s

  --> Iteracao: 5
     Conjunto de Jobs:
     C = { 65, 58, 63, 94, 34, 68, 60, 64, 51, 42, 92, 96, 74, 93, 67, 61, 78, 62, 98, 15, 54, 0, 75, 23, 8, 24, 76, 91, 77, 99, 85, 7, 90, 12, 53, 49, 48, 80, 87, 82, 16, 84, 95, 86, 72, 36, 30, 9, 69, 13, 89, 79, 33, 17, 83, 10, 11, 35, 25, 70, 2, 26, 44, 18, 19, 37, 3, 56, 59, 4, 5, 20, 45, 21, 71, 38, 22, 32, 46, 66, 50, 47, 39, 6, 55, 27, 40, 52, 73, 41, 1, 28, 43, 31, 29, 81, 97, 57, 14, 88 }
     Makespan: 3433
     Alfa Utilizado: 0.09
     Duracao do Algoritmo: 0.59101s

  --> Iteracao: 6
     Conjunto de Jobs:
     C = { 66, 0, 13, 60, 64, 68, 72, 44, 93, 92, 78, 49, 12, 73, 56, 54, 95, 67, 62, 34, 21, 94, 14, 83, 10, 63, 1, 96, 71, 53, 51, 91, 36, 37, 80, 75, 15, 82, 16, 2, 76, 90, 70, 58, 99, 85, 7, 87, 3, 98, 11, 89, 9, 61, 5, 59, 23, 50, 65, 24, 42, 4, 6, 55, 25, 30, 17, 31, 26, 97, 45, 38, 46, 84, 27, 74, 52, 18, 19, 28, 33, 20, 35, 39, 47, 86, 57, 40, 69, 41, 48, 77, 32, 79, 22, 43, 88, 8, 29, 81 }
     Makespan: 3435
     Alfa Utilizado: 0.09
     Duracao do Algoritmo: 0.84157s

  --> Iteracao: 7
     Conjunto de Jobs:
     C = { 65, 42, 76, 95, 10, 90, 29, 93, 56, 80, 49, 64, 14, 55, 0, 13, 58, 11, 1, 12, 53, 91, 74, 96, 71, 97, 60, 83, 8, 72, 85, 2, 68, 23, 94, 98, 59, 30, 87, 82, 89, 84, 66, 75, 78, 7, 63, 61, 37, 34, 54, 24, 51, 86, 32, 19, 17, 77, 70, 3, 26, 9, 15, 73, 79, 16, 25, 27, 50, 44, 52, 88, 67, 4, 5, 33, 38, 99, 39, 18, 6, 41, 81, 92, 20, 45, 21, 40, 57, 47, 62, 46, 43, 22, 35, 48, 28, 69, 36, 31 }
     Makespan: 3427
     Alfa Utilizado: 0.09
     Duracao do Algoritmo: 1.03028s

  --> Iteracao: 8
     Conjunto de Jobs:
     C = { 63, 94, 53, 91, 58, 44, 12, 54, 34, 56, 80, 68, 14, 99, 85, 17, 59, 96, 74, 93, 13, 60, 67, 92, 78, 7, 90, 81, 76, 71, 64, 87, 55, 9, 98, 11, 95, 10, 77, 83, 8, 72, 61, 0, 73, 30, 89, 97, 45, 31, 15, 32, 49, 84, 62, 75, 23, 36, 37, 38, 46, 1, 16, 2, 50, 43, 33, 3, 18, 4, 5, 51, 65, 19, 6, 35, 39, 24, 47, 86, 70, 20, 79, 27, 40, 52, 88, 25, 41, 48, 57, 66, 26, 42, 22, 21, 82, 28, 69, 29 }
     Makespan: 3428
     Alfa Utilizado: 0.09
     Duracao do Algoritmo: 0.508281s

  --> Iteracao: 9
     Conjunto de Jobs:
     C = { 29, 68, 94, 71, 51, 3, 91, 61, 78, 7, 81, 8, 67, 92, 15, 54, 95, 96, 66, 60, 80, 34, 9, 98, 79, 53, 49, 12, 85, 64, 13, 93, 44, 10, 14, 83, 36, 50, 82, 16, 17, 22, 90, 75, 23, 31, 33, 84, 32, 35, 87, 59, 30, 19, 18, 37, 20, 45, 65, 97, 46, 0, 55, 11, 89, 52, 76, 69, 1, 38, 25, 56, 99, 39, 24, 47, 74, 48, 57, 70, 58, 63, 72, 4, 5, 26, 86, 6, 77, 73, 40, 27, 42, 41, 2, 28, 43, 88, 21, 62 }
     Makespan: 3428
     Alfa Utilizado: 0.09
     Duracao do Algoritmo: 1.3961s

  --> Iteracao: 10
     Conjunto de Jobs:
     C = { 21, 68, 60, 64, 80, 51, 0, 99, 93, 92, 11, 8, 72, 34, 56, 44, 63, 94, 14, 78, 89, 90, 12, 54, 96, 75, 95, 13, 73, 77, 7, 55, 30, 91, 61, 58, 15, 10, 1, 98, 16, 23, 31, 32, 70, 53, 85, 82, 79, 17, 87, 74, 71, 97, 45, 84, 59, 42, 36, 3, 9, 24, 33, 25, 46, 67, 83, 37, 38, 35, 39, 4, 5, 26, 6, 49, 40, 27, 50, 62, 41, 47, 28, 69, 66, 18, 19, 86, 81, 52, 20, 2, 48, 57, 76, 65, 29, 22, 43, 88 }
     Makespan: 3430
     Alfa Utilizado: 0.09
     Duracao do Algoritmo: 0.505986s


 --> Melhor Makespan Obtido: 3427
 --> Media dos Makespans Obtidos: 3430.1
 --> Media da Duracao Total das Iteracoes: 0.937229s
