 * Resultados Obtidos nas 10 Iteracoes: 

  --> Iteracao: 1
     Conjunto de Jobs:
     C = { 57, 97, 95, 76, 71, 90, 12, 54, 0, 44, 1, 42, 96, 74, 72, 80, 94, 23, 67, 13, 60, 85, 64, 14, 93, 22, 53, 51, 56, 99, 78, 8, 65, 24, 11, 68, 25, 30, 17, 59, 73, 75, 34, 3, 91, 89, 52, 84, 92, 26, 82, 79, 16, 2, 4, 70, 83, 77, 62, 27, 32, 49, 15, 10, 37, 61, 5, 18, 19, 6, 31, 9, 69, 20, 28, 38, 35, 36, 46, 41, 39, 88, 7, 55, 86, 81, 21, 40, 45, 50, 98, 66, 58, 47, 29, 43, 33, 87, 63, 48 }
     Makespan: 3429
     Alfa Utilizado: 0.09
     Duracao do Algoritmo: 1.38512s

  --> Iteracao: 2
     Conjunto de Jobs:
     C = { 22, 98, 75, 74, 76, 30, 72, 64, 92, 60, 58, 94, 99, 51, 56, 0, 63, 93, 77, 90, 96, 80, 95, 13, 49, 14, 6, 8, 67, 82, 65, 46, 1, 42, 71, 54, 97, 10, 23, 50, 44, 9, 12, 48, 11, 85, 55, 2, 53, 3, 91, 61, 7, 79, 4, 31, 32, 70, 33, 5, 52, 40, 57, 34, 24, 62, 15, 36, 37, 25, 16, 17, 59, 26, 35, 87, 45, 38, 84, 66, 18, 19, 39, 47, 69, 20, 27, 83, 28, 86, 29, 41, 73, 81, 21, 68, 43, 88, 78, 89 }
     Makespan: 3430
     Alfa Utilizado: 0.09
     Duracao do Algoritmo: 1.63663s

  --> Iteracao: 3
     Conjunto de Jobs:
     C = { 64, 37, 99, 61, 58, 63, 93, 92, 11, 85, 13, 49, 15, 60, 7, 50, 12, 51, 80, 36, 68, 23, 96, 9, 24, 16, 8, 78, 25, 70, 0, 87, 14, 72, 62, 94, 71, 82, 59, 30, 95, 76, 91, 32, 90, 31, 33, 17, 67, 18, 19, 74, 98, 10, 1, 34, 54, 35, 84, 75, 38, 2, 26, 86, 97, 44, 52, 20, 27, 83, 21, 56, 55, 88, 3, 45, 65, 42, 4, 5, 77, 28, 89, 79, 22, 39, 46, 40, 6, 41, 47, 29, 43, 81, 66, 73, 57, 53, 48, 69 }
     Makespan: 3434
     Alfa Utilizado: 0.09
     Duracao do Algoritmo: 0.266842s

  --> Iteracao: 4
     Conjunto de Jobs:
     C = { 45, 78, 25, 76, 90, 12, 69, 80, 51, 83, 93, 15, 92, 11, 28, 56, 59, 62, 58, 1, 91, 42, 2, 68, 77, 70, 53, 49, 95, 67, 82, 65, 64, 87, 8, 24, 74, 72, 16, 13, 14, 99, 17, 54, 96, 30, 37, 61, 0, 89, 34, 98, 10, 73, 31, 7, 44, 94, 71, 84, 66, 18, 19, 41, 20, 3, 26, 4, 21, 36, 60, 33, 5, 6, 22, 35, 50, 63, 48, 32, 38, 46, 79, 55, 9, 85, 39, 47, 86, 81, 52, 40, 27, 75, 23, 57, 88, 97, 29, 43 }
     Makespan: 3433
     Alfa Utilizado: 0.09
     Duracao do Algoritmo: 0.364516s

  --> Iteracao: 5
     Conjunto de Jobs:
     C = { 18, 76, 91, 58, 42, 92, 60, 7, 75, 74, 53, 49, 12, 85, 13, 93, 15, 10, 90, 70, 99, 61, 44, 96, 23, 89, 64, 51, 83, 77, 67, 28, 72, 65, 98, 11, 95, 36, 30, 68, 94, 14, 55, 80, 62, 34, 97, 31, 9, 81, 87, 73, 35, 0, 54, 24, 82, 59, 37, 25, 56, 84, 1, 16, 2, 26, 66, 3, 79, 17, 4, 5, 32, 38, 78, 6, 19, 39, 50, 20, 27, 40, 45, 21, 71, 63, 8, 41, 52, 86, 29, 22, 43, 33, 46, 57, 47, 88, 48, 69 }
     Makespan: 3434
     Alfa Utilizado: 0.09
     Duracao do Algoritmo: 0.433039s

  --> Iteracao: 6
     Conjunto de Jobs:
     C = { 69, 64, 93, 12, 51, 86, 91, 61, 7, 63, 90, 99, 0, 13, 15, 49, 95, 44, 9, 96, 71, 68, 14, 97, 34, 98, 11, 1, 23, 94, 56, 80, 62, 92, 78, 30, 72, 85, 2, 76, 16, 8, 87, 82, 89, 84, 32, 83, 45, 50, 74, 10, 24, 75, 25, 70, 3, 67, 26, 54, 17, 27, 4, 5, 52, 6, 28, 60, 58, 31, 33, 36, 37, 35, 65, 42, 18, 19, 66, 20, 53, 38, 46, 57, 47, 39, 21, 40, 29, 41, 48, 77, 43, 22, 59, 73, 79, 55, 88, 81 }
     Makespan: 3431
     Alfa Utilizado: 0.09
     Duracao do Algoritmo: 1.34723s

  --> Iteracao: 7
     Conjunto de Jobs:
     C = { 61, 0, 63, 93, 12, 53, 40, 58, 91, 72, 92, 11, 95, 10, 23, 67, 37, 80, 52, 65, 42, 13, 14, 97, 60, 7, 21, 83, 62, 99, 15, 82, 71, 38, 98, 16, 84, 66, 73, 68, 17, 54, 9, 96, 30, 74, 78, 81, 69, 85, 18, 2, 56, 19, 8, 94, 87, 3, 75, 32, 49, 64, 31, 34, 45, 4, 5, 59, 29, 33, 36, 44, 24, 90, 70, 25, 20, 35, 39, 46, 1, 47, 26, 86, 22, 55, 88, 6, 77, 50, 79, 27, 41, 51, 28, 43, 76, 48, 57, 89 }
     Makespan: 3434
     Alfa Utilizado: 0.09
     Duracao do Algoritmo: 0.968664s

  --> Iteracao: 8
     Conjunto de Jobs:
     C = { 48, 0, 63, 59, 62, 99, 76, 95, 58, 11, 8, 65, 96, 74, 93, 98, 10, 21, 67, 83, 14, 97, 60, 91, 92, 34, 56, 80, 94, 71, 51, 75, 15, 24, 16, 77, 89, 90, 70, 53, 85, 82, 79, 13, 17, 30, 49, 12, 84, 81, 42, 32, 54, 9, 31, 25, 27, 19, 44, 1, 52, 20, 2, 50, 23, 36, 3, 66, 64, 33, 87, 45, 68, 46, 57, 37, 35, 7, 4, 5, 26, 86, 6, 22, 55, 88, 18, 38, 78, 28, 69, 29, 47, 39, 40, 72, 61, 41, 73, 43 }
     Makespan: 3434
     Alfa Utilizado: 0.09
     Duracao do Algoritmo: 0.379092s

  --> Iteracao: 9
     Conjunto de Jobs:
     C = { 65, 46, 51, 67, 37, 70, 7, 44, 96, 12, 49, 90, 99, 93, 98, 11, 85, 80, 94, 14, 83, 8, 72, 92, 9, 63, 15, 10, 23, 50, 95, 76, 60, 74, 68, 36, 82, 61, 16, 13, 73, 75, 32, 91, 42, 97, 17, 87, 55, 54, 24, 58, 18, 19, 66, 20, 45, 84, 78, 89, 34, 38, 0, 77, 21, 62, 64, 1, 47, 69, 48, 2, 56, 52, 71, 53, 3, 79, 22, 4, 5, 88, 6, 31, 33, 25, 30, 59, 26, 35, 39, 40, 27, 86, 41, 57, 28, 43, 81, 29 }
     Makespan: 3429
     Alfa Utilizado: 0.09
     Duracao do Algoritmo: 0.412447s

  --> Iteracao: 10
     Conjunto de Jobs:
     C = { 65, 68, 14, 76, 60, 85, 59, 42, 13, 58, 63, 15, 54, 95, 67, 61, 0, 99, 81, 30, 49, 12, 53, 51, 66, 64, 1, 11, 2, 87, 74, 96, 80, 94, 16, 8, 78, 89, 97, 17, 91, 72, 98, 73, 31, 93, 56, 44, 10, 50, 43, 34, 33, 36, 3, 18, 19, 90, 75, 23, 35, 7, 55, 20, 4, 37, 38, 5, 32, 70, 83, 21, 82, 39, 24, 69, 45, 40, 6, 22, 25, 41, 52, 71, 84, 92, 26, 9, 27, 77, 28, 86, 29, 79, 46, 57, 47, 88, 48, 62 }
     Makespan: 3432
     Alfa Utilizado: 0.09
     Duracao do Algoritmo: 1.16671s


 --> Melhor Makespan Obtido: 3429
 --> Media dos Makespans Obtidos: 3432
 --> Media da Duracao Total das Iteracoes: 0.836029s
