 * Resultados Obtidos nas 10 Iteracoes: 

  --> Iteracao: 1
     Conjunto de Jobs:
     C = { 63, 59, 0, 55, 15, 60, 1, 34, 56, 99, 95, 44, 12, 51, 75, 78, 76, 71, 91, 61, 58, 77, 7, 53, 85, 64, 93, 62, 92, 9, 80, 94, 14, 2, 96, 42, 37, 8, 67, 30, 90, 70, 83, 10, 11, 68, 23, 72, 16, 17, 31, 32, 54, 18, 13, 19, 74, 20, 3, 21, 82, 79, 22, 4, 5, 65, 24, 33, 36, 66, 73, 35, 25, 49, 40, 69, 26, 87, 45, 38, 46, 84, 27, 50, 89, 28, 86, 29, 47, 39, 88, 48, 52, 6, 41, 57, 98, 81, 97, 43 }
     Makespan: 2427
     Alfa Utilizado: 0.09
     Duracao do Algoritmo: 2.11104s

  --> Iteracao: 2
     Conjunto de Jobs:
     C = { 28, 72, 85, 7, 55, 54, 67, 30, 91, 42, 74, 71, 64, 37, 99, 76, 95, 96, 35, 98, 10, 6, 97, 58, 44, 12, 90, 70, 56, 80, 62, 34, 81, 8, 65, 89, 53, 92, 11, 68, 14, 94, 23, 50, 82, 78, 4, 38, 51, 0, 13, 49, 84, 66, 36, 31, 33, 39, 15, 60, 83, 59, 16, 25, 18, 19, 73, 1, 52, 20, 2, 26, 45, 21, 57, 46, 41, 47, 43, 22, 3, 75, 69, 48, 77, 9, 61, 5, 63, 93, 79, 86, 24, 88, 17, 87, 40, 27, 32, 29 }
     Makespan: 2436
     Alfa Utilizado: 0.09
     Duracao do Algoritmo: 0.537985s

  --> Iteracao: 3
     Conjunto de Jobs:
     C = { 64, 60, 74, 68, 94, 92, 72, 61, 7, 78, 76, 93, 62, 99, 51, 54, 9, 90, 83, 8, 26, 25, 91, 85, 80, 95, 96, 71, 0, 75, 32, 70, 56, 44, 98, 10, 63, 59, 73, 1, 77, 42, 21, 2, 14, 97, 45, 67, 34, 58, 3, 82, 65, 15, 36, 4, 5, 52, 6, 55, 30, 37, 23, 31, 33, 38, 46, 16, 17, 87, 35, 39, 18, 12, 22, 19, 66, 50, 20, 79, 53, 48, 49, 40, 57, 47, 88, 81, 13, 89, 84, 27, 86, 24, 69, 41, 28, 43, 11, 29 }
     Makespan: 2432
     Alfa Utilizado: 0.09
     Duracao do Algoritmo: 0.734095s

  --> Iteracao: 4
     Conjunto de Jobs:
     C = { 46, 92, 65, 42, 90, 12, 54, 64, 52, 38, 99, 84, 83, 71, 0, 55, 96, 1, 23, 11, 78, 91, 72, 98, 75, 95, 93, 77, 7, 59, 61, 44, 10, 2, 76, 94, 70, 56, 9, 15, 73, 30, 74, 53, 49, 14, 97, 34, 3, 85, 47, 80, 87, 8, 24, 16, 17, 31, 32, 79, 5, 81, 60, 6, 33, 25, 13, 18, 19, 37, 20, 35, 36, 89, 45, 21, 62, 27, 50, 22, 39, 4, 82, 28, 69, 26, 86, 29, 68, 40, 57, 66, 41, 48, 67, 43, 51, 58, 63, 88 }
     Makespan: 2432
     Alfa Utilizado: 0.09
     Duracao do Algoritmo: 0.893046s

  --> Iteracao: 5
     Conjunto de Jobs:
     C = { 63, 8, 67, 83, 58, 11, 61, 72, 85, 64, 87, 74, 71, 0, 99, 15, 49, 95, 13, 14, 97, 10, 23, 96, 42, 62, 94, 56, 98, 60, 1, 91, 16, 65, 17, 2, 76, 90, 92, 30, 37, 3, 18, 4, 93, 54, 68, 36, 89, 31, 19, 66, 20, 7, 12, 24, 80, 5, 59, 38, 75, 9, 69, 50, 82, 39, 84, 32, 77, 70, 25, 52, 40, 57, 6, 33, 44, 53, 51, 21, 73, 35, 41, 34, 45, 78, 22, 43, 26, 46, 79, 55, 81, 47, 86, 48, 27, 88, 28, 29 }
     Makespan: 2445
     Alfa Utilizado: 0.09
     Duracao do Algoritmo: 0.00992761s

  --> Iteracao: 6
     Conjunto de Jobs:
     C = { 63, 94, 64, 68, 85, 80, 36, 92, 72, 61, 7, 55, 11, 8, 65, 58, 99, 82, 75, 74, 93, 67, 13, 60, 96, 66, 23, 15, 10, 24, 14, 69, 71, 0, 87, 70, 98, 59, 90, 73, 30, 91, 77, 28, 12, 84, 83, 31, 32, 2, 9, 51, 33, 25, 16, 79, 17, 81, 3, 18, 89, 54, 34, 19, 37, 35, 56, 49, 95, 20, 4, 5, 6, 26, 42, 21, 62, 27, 44, 50, 22, 53, 1, 38, 76, 45, 78, 97, 29, 39, 46, 40, 52, 86, 41, 47, 43, 88, 48, 57 }
     Makespan: 2428
     Alfa Utilizado: 0.09
     Duracao do Algoritmo: 0.645409s

  --> Iteracao: 7
     Conjunto de Jobs:
     C = { 63, 94, 60, 91, 92, 65, 56, 59, 58, 74, 72, 61, 7, 55, 93, 12, 53, 49, 95, 44, 50, 78, 76, 71, 64, 52, 11, 80, 68, 85, 13, 73, 10, 90, 0, 75, 9, 15, 57, 97, 34, 66, 36, 30, 87, 3, 16, 17, 48, 54, 96, 23, 31, 32, 14, 99, 62, 98, 69, 1, 70, 2, 18, 19, 37, 8, 67, 4, 5, 20, 45, 24, 33, 25, 42, 6, 26, 35, 46, 51, 21, 82, 47, 84, 27, 83, 28, 38, 22, 39, 40, 29, 41, 86, 89, 79, 77, 43, 88, 81 }
     Makespan: 2428
     Alfa Utilizado: 0.09
     Duracao do Algoritmo: 1.11228s

  --> Iteracao: 8
     Conjunto de Jobs:
     C = { 63, 94, 53, 85, 59, 0, 99, 93, 56, 44, 12, 29, 67, 83, 45, 96, 80, 78, 58, 11, 95, 10, 92, 71, 97, 48, 54, 28, 72, 65, 60, 7, 87, 8, 50, 74, 52, 73, 30, 9, 15, 82, 16, 13, 46, 32, 90, 75, 76, 77, 1, 98, 79, 17, 91, 36, 57, 37, 23, 89, 51, 42, 2, 18, 19, 61, 38, 84, 39, 24, 47, 62, 34, 20, 3, 21, 31, 33, 25, 70, 35, 64, 81, 66, 86, 22, 4, 5, 26, 6, 55, 88, 27, 40, 69, 41, 68, 43, 49, 14 }
     Makespan: 2429
     Alfa Utilizado: 0.09
     Duracao do Algoritmo: 4.06055s

  --> Iteracao: 9
     Conjunto de Jobs:
     C = { 3, 94, 53, 85, 64, 51, 80, 36, 68, 72, 44, 10, 11, 59, 73, 0, 99, 95, 58, 91, 92, 96, 71, 60, 7, 56, 98, 15, 54, 82, 67, 13, 93, 9, 12, 97, 34, 87, 74, 78, 30, 90, 83, 8, 63, 23, 50, 89, 45, 1, 70, 2, 14, 37, 79, 16, 24, 4, 5, 52, 65, 17, 31, 32, 38, 25, 46, 57, 33, 39, 18, 19, 6, 26, 35, 84, 27, 20, 28, 61, 21, 40, 29, 22, 55, 47, 62, 48, 66, 75, 69, 41, 86, 42, 76, 77, 43, 88, 49, 81 }
     Makespan: 2430
     Alfa Utilizado: 0.09
     Duracao do Algoritmo: 0.728003s

  --> Iteracao: 10
     Conjunto de Jobs:
     C = { 78, 76, 54, 65, 68, 1, 91, 42, 36, 58, 63, 59, 30, 19, 71, 64, 13, 49, 95, 12, 97, 31, 7, 92, 10, 14, 99, 61, 0, 55, 94, 23, 46, 66, 75, 15, 32, 83, 93, 67, 37, 80, 62, 98, 11, 8, 24, 51, 33, 38, 25, 56, 9, 72, 16, 77, 50, 44, 89, 34, 17, 82, 79, 73, 35, 39, 18, 74, 52, 20, 2, 26, 90, 40, 27, 70, 3, 21, 57, 28, 45, 84, 81, 53, 4, 5, 6, 22, 86, 96, 41, 85, 43, 88, 69, 87, 29, 47, 60, 48 }
     Makespan: 2430
     Alfa Utilizado: 0.09
     Duracao do Algoritmo: 0.973191s


 --> Melhor Makespan Obtido: 2427
 --> Media dos Makespans Obtidos: 2431.7
 --> Media da Duracao Total das Iteracoes: 1.18055s
