 * Resultados Obtidos nas 10 Iteracoes: 

  --> Iteracao: 1
     Conjunto de Jobs:
     C = { 78, 25, 93, 54, 65, 96, 12, 51, 44, 63, 8, 67, 13, 15, 92, 72, 85, 64, 80, 68, 60, 7, 56, 98, 10, 11, 76, 95, 58, 16, 17, 91, 36, 37, 38, 0, 73, 75, 69, 71, 90, 70, 83, 14, 40, 1, 23, 94, 34, 97, 50, 55, 9, 61, 2, 53, 18, 19, 62, 27, 20, 3, 21, 82, 39, 24, 49, 4, 5, 59, 43, 74, 30, 87, 26, 42, 6, 31, 33, 84, 32, 77, 89, 45, 35, 46, 41, 47, 29, 22, 86, 48, 52, 88, 79, 57, 66, 28, 99, 81 }
     Makespan: 2937
     Alfa Utilizado: 0.09
     Duracao do Algoritmo: 1.18094s

  --> Iteracao: 2
     Conjunto de Jobs:
     C = { 63, 93, 92, 8, 94, 23, 81, 30, 95, 34, 56, 80, 79, 54, 96, 74, 72, 65, 68, 85, 64, 13, 73, 0, 87, 1, 70, 58, 16, 2, 76, 71, 60, 15, 10, 24, 14, 97, 7, 44, 98, 11, 53, 40, 32, 90, 83, 61, 78, 25, 42, 75, 50, 17, 31, 9, 51, 33, 26, 66, 18, 89, 45, 35, 36, 3, 82, 59, 19, 62, 27, 20, 4, 5, 52, 6, 28, 69, 29, 37, 38, 46, 57, 47, 39, 21, 49, 84, 77, 99, 22, 55, 86, 91, 41, 48, 12, 88, 67, 43 }
     Makespan: 2940
     Alfa Utilizado: 0.09
     Duracao do Algoritmo: 1.25276s

  --> Iteracao: 3
     Conjunto de Jobs:
     C = { 78, 30, 68, 85, 59, 58, 11, 61, 38, 13, 49, 90, 12, 54, 95, 20, 97, 31, 92, 15, 10, 63, 94, 99, 67, 83, 93, 62, 34, 87, 1, 96, 74, 76, 37, 8, 72, 98, 47, 33, 51, 80, 36, 82, 75, 23, 89, 16, 17, 77, 7, 91, 35, 84, 71, 0, 55, 9, 42, 2, 50, 65, 3, 18, 19, 39, 24, 4, 5, 32, 70, 25, 56, 44, 52, 6, 26, 60, 64, 45, 21, 40, 27, 79, 22, 53, 28, 86, 29, 41, 57, 66, 73, 46, 43, 81, 69, 14, 88, 48 }
     Makespan: 2935
     Alfa Utilizado: 0.09
     Duracao do Algoritmo: 0.965511s

  --> Iteracao: 4
     Conjunto de Jobs:
     C = { 61, 72, 80, 51, 91, 85, 60, 64, 92, 65, 62, 99, 95, 10, 14, 97, 87, 73, 57, 58, 15, 82, 71, 63, 8, 67, 37, 23, 49, 84, 39, 79, 5, 13, 89, 90, 96, 30, 9, 12, 98, 16, 24, 74, 78, 7, 25, 76, 94, 86, 32, 70, 83, 31, 53, 33, 17, 54, 0, 44, 18, 19, 66, 20, 45, 35, 46, 42, 21, 68, 1, 34, 38, 22, 2, 26, 48, 36, 3, 56, 55, 88, 27, 50, 69, 28, 75, 52, 11, 40, 4, 93, 77, 59, 6, 41, 47, 29, 43, 81 }
     Makespan: 2939
     Alfa Utilizado: 0.09
     Duracao do Algoritmo: 1.24881s

  --> Iteracao: 5
     Conjunto de Jobs:
     C = { 65, 42, 75, 76, 93, 54, 67, 34, 66, 0, 13, 14, 83, 91, 61, 78, 7, 56, 99, 95, 96, 12, 85, 98, 53, 49, 15, 60, 80, 23, 94, 77, 9, 92, 11, 63, 8, 72, 16, 17, 82, 79, 73, 74, 10, 24, 90, 44, 71, 87, 1, 70, 25, 18, 2, 26, 97, 45, 84, 27, 32, 89, 36, 30, 19, 37, 3, 51, 28, 58, 20, 31, 33, 46, 38, 35, 39, 4, 5, 81, 21, 40, 6, 22, 55, 47, 29, 41, 69, 64, 68, 43, 50, 62, 48, 52, 86, 57, 88, 59 }
     Makespan: 2941
     Alfa Utilizado: 0.09
     Duracao do Algoritmo: 0.213443s

  --> Iteracao: 6
     Conjunto de Jobs:
     C = { 27, 59, 23, 94, 56, 80, 71, 54, 34, 24, 53, 51, 0, 75, 76, 91, 61, 58, 74, 72, 85, 7, 67, 63, 92, 8, 65, 64, 13, 60, 96, 9, 90, 70, 55, 15, 10, 11, 68, 14, 83, 77, 99, 93, 79, 16, 17, 30, 49, 81, 42, 18, 19, 44, 95, 25, 20, 31, 26, 46, 45, 21, 82, 89, 36, 37, 38, 22, 39, 50, 78, 97, 87, 1, 47, 32, 2, 48, 52, 40, 69, 41, 57, 28, 33, 3, 66, 73, 35, 4, 98, 29, 43, 5, 6, 84, 12, 86, 62, 88 }
     Makespan: 2936
     Alfa Utilizado: 0.09
     Duracao do Algoritmo: 1.19855s

  --> Iteracao: 7
     Conjunto de Jobs:
     C = { 63, 92, 93, 12, 85, 13, 58, 11, 61, 78, 76, 71, 60, 7, 87, 34, 17, 59, 0, 99, 62, 30, 95, 10, 8, 72, 22, 55, 15, 91, 16, 23, 96, 9, 80, 94, 14, 31, 33, 36, 82, 75, 32, 83, 37, 35, 98, 73, 77, 1, 42, 90, 70, 53, 51, 44, 24, 29, 38, 25, 56, 52, 18, 39, 64, 74, 68, 45, 40, 3, 26, 4, 5, 6, 41, 97, 43, 49, 84, 27, 20, 79, 19, 28, 86, 81, 66, 50, 88, 21, 2, 67, 46, 57, 47, 69, 48, 54, 65, 89 }
     Makespan: 2932
     Alfa Utilizado: 0.09
     Duracao do Algoritmo: 0.897364s

  --> Iteracao: 8
     Conjunto de Jobs:
     C = { 61, 72, 78, 76, 95, 58, 63, 92, 10, 11, 85, 80, 12, 73, 75, 15, 83, 14, 94, 53, 49, 23, 36, 51, 37, 8, 65, 68, 87, 54, 24, 16, 17, 77, 99, 62, 67, 30, 90, 0, 44, 98, 89, 97, 60, 91, 32, 7, 19, 71, 38, 93, 79, 55, 9, 81, 13, 25, 20, 31, 33, 26, 34, 42, 21, 82, 59, 22, 35, 39, 50, 74, 27, 40, 1, 28, 45, 84, 66, 64, 52, 86, 29, 2, 96, 41, 47, 88, 6, 57, 70, 46, 43, 5, 18, 4, 3, 56, 69, 48 }
     Makespan: 2934
     Alfa Utilizado: 0.09
     Duracao do Algoritmo: 0.64853s

  --> Iteracao: 9
     Conjunto de Jobs:
     C = { 37, 64, 68, 14, 55, 15, 91, 58, 94, 71, 60, 96, 30, 89, 63, 92, 72, 80, 95, 12, 97, 31, 61, 16, 23, 11, 59, 26, 83, 62, 98, 73, 56, 99, 39, 46, 40, 90, 75, 78, 76, 93, 33, 74, 53, 49, 54, 24, 7, 66, 50, 17, 77, 70, 25, 42, 18, 19, 44, 1, 52, 65, 20, 2, 67, 34, 9, 85, 82, 79, 57, 10, 21, 36, 3, 35, 84, 27, 32, 22, 4, 5, 81, 69, 45, 38, 13, 6, 28, 86, 29, 47, 0, 87, 88, 48, 8, 41, 51, 43 }
     Makespan: 2934
     Alfa Utilizado: 0.09
     Duracao do Algoritmo: 1.02225s

  --> Iteracao: 10
     Conjunto de Jobs:
     C = { 65, 68, 14, 76, 91, 42, 92, 60, 85, 13, 93, 67, 34, 44, 95, 56, 80, 49, 64, 78, 30, 74, 96, 45, 10, 8, 87, 63, 15, 54, 82, 61, 58, 99, 0, 55, 46, 16, 84, 59, 23, 89, 90, 12, 53, 51, 83, 97, 17, 94, 98, 75, 32, 77, 7, 50, 62, 11, 1, 52, 71, 24, 47, 37, 25, 18, 19, 86, 31, 26, 2, 9, 72, 33, 3, 66, 20, 4, 5, 88, 38, 22, 39, 79, 57, 6, 70, 81, 21, 40, 27, 48, 28, 69, 41, 73, 35, 43, 36, 29 }
     Makespan: 2936
     Alfa Utilizado: 0.09
     Duracao do Algoritmo: 0.463122s


 --> Melhor Makespan Obtido: 2932
 --> Media dos Makespans Obtidos: 2936.4
 --> Media da Duracao Total das Iteracoes: 0.909128s
