 * Resultados Obtidos nas 10 Iteracoes: 

  --> Iteracao: 1
     Conjunto de Jobs:
     C = { 73, 68, 94, 71, 51, 44, 93, 92, 8, 64, 78, 30, 72, 28, 38, 95, 12, 90, 70, 83, 58, 99, 0, 75, 45, 96, 42, 23, 11, 59, 63, 97, 10, 1, 98, 15, 91, 74, 77, 76, 16, 2, 56, 85, 7, 79, 3, 67, 13, 17, 87, 82, 89, 31, 32, 54, 9, 84, 60, 80, 22, 39, 4, 37, 34, 24, 33, 5, 6, 35, 25, 46, 62, 47, 26, 66, 18, 19, 29, 53, 48, 36, 50, 20, 27, 88, 21, 14, 55, 81, 69, 61, 49, 52, 86, 65, 41, 40, 57, 43 }
     Makespan: 2433
     Alfa Utilizado: 0.09
     Duracao do Algoritmo: 1.34316s

  --> Iteracao: 2
     Conjunto de Jobs:
     C = { 64, 58, 26, 68, 72, 78, 30, 74, 76, 60, 91, 85, 80, 23, 67, 13, 46, 41, 99, 15, 92, 10, 24, 14, 63, 8, 86, 65, 96, 31, 33, 87, 17, 83, 61, 7, 66, 75, 9, 12, 6, 35, 89, 90, 50, 95, 56, 98, 53, 51, 18, 19, 21, 20, 44, 71, 97, 82, 59, 62, 94, 34, 25, 42, 37, 70, 0, 77, 32, 22, 55, 11, 1, 38, 84, 39, 36, 2, 28, 45, 3, 79, 49, 4, 5, 52, 73, 57, 47, 16, 81, 69, 48, 54, 27, 40, 29, 93, 43, 88 }
     Makespan: 2430
     Alfa Utilizado: 0.09
     Duracao do Algoritmo: 1.69515s

  --> Iteracao: 3
     Conjunto de Jobs:
     C = { 21, 8, 65, 86, 96, 23, 34, 9, 51, 56, 99, 98, 60, 48, 77, 95, 67, 82, 59, 87, 70, 91, 89, 64, 92, 10, 14, 97, 49, 12, 24, 93, 13, 2, 76, 90, 44, 71, 63, 94, 11, 61, 7, 50, 78, 30, 68, 72, 62, 84, 83, 58, 31, 53, 33, 36, 37, 38, 26, 42, 66, 0, 73, 40, 1, 52, 15, 32, 25, 27, 75, 45, 3, 16, 17, 4, 5, 54, 18, 6, 85, 28, 69, 41, 20, 35, 43, 55, 46, 57, 47, 74, 80, 79, 19, 29, 22, 39, 88, 81 }
     Makespan: 2434
     Alfa Utilizado: 0.09
     Duracao do Algoritmo: 0.92462s

  --> Iteracao: 4
     Conjunto de Jobs:
     C = { 41, 25, 27, 83, 93, 92, 78, 58, 99, 15, 91, 74, 68, 85, 64, 13, 49, 90, 75, 23, 11, 16, 17, 87, 14, 94, 12, 53, 51, 56, 80, 95, 96, 42, 76, 77, 7, 50, 89, 9, 72, 36, 26, 66, 0, 73, 10, 37, 38, 84, 98, 79, 57, 70, 2, 59, 61, 3, 44, 18, 52, 86, 97, 34, 19, 62, 30, 31, 33, 39, 4, 5, 20, 45, 35, 6, 32, 46, 40, 1, 47, 60, 54, 24, 81, 21, 8, 63, 48, 82, 65, 55, 88, 67, 43, 22, 71, 28, 69, 29 }
     Makespan: 2431
     Alfa Utilizado: 0.09
     Duracao do Algoritmo: 1.33138s

  --> Iteracao: 5
     Conjunto de Jobs:
     C = { 61, 0, 55, 96, 74, 53, 51, 75, 34, 38, 98, 60, 80, 11, 1, 12, 73, 72, 85, 64, 14, 88, 67, 63, 8, 78, 30, 90, 83, 21, 68, 58, 99, 95, 44, 71, 54, 77, 76, 37, 3, 82, 79, 49, 23, 94, 4, 5, 81, 13, 15, 10, 24, 16, 25, 70, 7, 87, 17, 91, 26, 9, 84, 32, 89, 97, 50, 92, 93, 62, 27, 42, 6, 28, 33, 2, 18, 36, 29, 59, 22, 35, 56, 52, 20, 45, 40, 57, 66, 86, 65, 41, 39, 46, 43, 31, 19, 47, 69, 48 }
     Makespan: 2429
     Alfa Utilizado: 0.09
     Duracao do Algoritmo: 1.20488s

  --> Iteracao: 6
     Conjunto de Jobs:
     C = { 84, 92, 72, 78, 99, 76, 60, 96, 12, 90, 44, 95, 10, 64, 68, 14, 93, 13, 45, 67, 30, 91, 32, 79, 98, 73, 74, 53, 51, 43, 34, 42, 23, 11, 85, 7, 59, 61, 37, 8, 24, 80, 25, 49, 15, 36, 31, 9, 69, 26, 97, 58, 94, 16, 77, 50, 17, 27, 0, 55, 54, 28, 33, 39, 46, 40, 1, 47, 62, 35, 56, 29, 2, 18, 19, 71, 82, 65, 86, 70, 48, 52, 20, 4, 5, 81, 21, 83, 41, 57, 6, 22, 3, 66, 75, 38, 87, 89, 63, 88 }
     Makespan: 2431
     Alfa Utilizado: 0.09
     Duracao do Algoritmo: 1.18806s

  --> Iteracao: 7
     Conjunto de Jobs:
     C = { 61, 72, 92, 10, 8, 65, 60, 67, 83, 59, 11, 76, 71, 54, 96, 23, 99, 15, 91, 57, 58, 17, 94, 98, 75, 95, 50, 78, 62, 34, 66, 0, 73, 77, 7, 12, 51, 37, 64, 18, 13, 19, 44, 24, 63, 1, 80, 79, 85, 82, 25, 20, 90, 81, 97, 87, 74, 68, 84, 30, 2, 26, 86, 32, 70, 56, 52, 3, 9, 31, 33, 38, 35, 89, 45, 21, 49, 4, 5, 88, 6, 22, 39, 46, 40, 27, 42, 41, 47, 28, 69, 14, 55, 53, 48, 36, 29, 93, 16, 43 }
     Makespan: 2433
     Alfa Utilizado: 0.09
     Duracao do Algoritmo: 0.229901s

  --> Iteracao: 8
     Conjunto de Jobs:
     C = { 64, 37, 70, 7, 67, 83, 8, 65, 58, 99, 76, 28, 85, 13, 49, 15, 60, 74, 96, 42, 66, 91, 61, 72, 78, 62, 30, 68, 23, 36, 51, 56, 59, 0, 6, 14, 69, 87, 1, 16, 80, 94, 71, 63, 48, 54, 9, 31, 53, 33, 38, 95, 93, 81, 10, 11, 35, 39, 18, 2, 50, 82, 75, 32, 89, 52, 44, 12, 84, 90, 19, 86, 41, 20, 3, 73, 21, 92, 45, 24, 4, 5, 77, 43, 22, 25, 46, 79, 55, 47, 26, 97, 34, 27, 40, 57, 98, 29, 17, 88 }
     Makespan: 2430
     Alfa Utilizado: 0.09
     Duracao do Algoritmo: 1.7964s

  --> Iteracao: 9
     Conjunto de Jobs:
     C = { 78, 7, 90, 96, 71, 0, 75, 74, 68, 60, 67, 63, 8, 94, 23, 99, 85, 54, 72, 61, 44, 95, 58, 11, 53, 49, 14, 93, 12, 97, 10, 1, 80, 87, 59, 73, 56, 9, 51, 91, 32, 2, 50, 98, 89, 34, 24, 76, 37, 3, 70, 25, 30, 92, 15, 82, 65, 13, 26, 42, 4, 31, 33, 5, 77, 16, 17, 83, 36, 62, 27, 6, 35, 64, 18, 19, 28, 38, 84, 39, 79, 55, 20, 45, 40, 29, 41, 52, 86, 81, 21, 57, 66, 46, 43, 22, 47, 69, 88, 48 }
     Makespan: 2436
     Alfa Utilizado: 0.09
     Duracao do Algoritmo: 0.0215754s

  --> Iteracao: 10
     Conjunto de Jobs:
     C = { 88, 7, 78, 58, 44, 10, 14, 49, 95, 36, 60, 96, 71, 41, 51, 83, 93, 67, 92, 65, 42, 76, 94, 12, 97, 45, 89, 34, 68, 30, 37, 8, 50, 74, 98, 59, 90, 75, 9, 72, 16, 77, 73, 11, 39, 53, 13, 46, 15, 82, 79, 57, 47, 23, 31, 33, 84, 81, 66, 0, 87, 86, 32, 35, 56, 54, 24, 80, 25, 70, 99, 17, 48, 52, 18, 19, 1, 38, 26, 63, 61, 20, 3, 85, 21, 2, 4, 5, 6, 55, 27, 40, 69, 64, 28, 43, 91, 62, 29, 22 }
     Makespan: 2435
     Alfa Utilizado: 0.09
     Duracao do Algoritmo: 0.367281s


 --> Melhor Makespan Obtido: 2429
 --> Media dos Makespans Obtidos: 2432.2
 --> Media da Duracao Total das Iteracoes: 1.01024s
