 * Resultados Obtidos nas 10 Iteracoes: 

  --> Iteracao: 1
     Conjunto de Jobs:
     C = { 61, 58, 99, 15, 92, 96, 71, 0, 44, 10, 11, 59, 62, 30, 91, 64, 74, 93, 13, 45, 95, 12, 53, 49, 67, 63, 97, 50, 16, 8, 72, 78, 7, 55, 80, 51, 65, 68, 14, 76, 94, 17, 31, 9, 85, 82, 75, 32, 90, 33, 84, 66, 23, 36, 37, 34, 87, 86, 24, 18, 19, 73, 25, 70, 83, 77, 60, 35, 56, 52, 20, 2, 26, 42, 21, 98, 57, 54, 27, 79, 3, 89, 28, 38, 22, 4, 5, 81, 69, 1, 39, 46, 40, 6, 41, 47, 29, 43, 88, 48 }
     Makespan: 1934
     Alfa Utilizado: 0.09
     Duracao do Algoritmo: 1.4094s

  --> Iteracao: 2
     Conjunto de Jobs:
     C = { 61, 20, 30, 74, 72, 62, 92, 10, 77, 59, 93, 13, 60, 83, 58, 91, 42, 76, 41, 95, 67, 31, 7, 90, 96, 80, 12, 85, 98, 15, 49, 23, 99, 0, 75, 9, 70, 33, 87, 8, 24, 11, 89, 64, 14, 97, 50, 16, 17, 82, 51, 65, 25, 18, 19, 44, 63, 53, 1, 34, 45, 84, 71, 68, 36, 37, 38, 46, 32, 2, 56, 55, 94, 52, 3, 21, 47, 26, 35, 39, 88, 27, 48, 57, 66, 73, 22, 86, 54, 28, 69, 29, 43, 40, 4, 5, 79, 6, 78, 81 }
     Makespan: 1948
     Alfa Utilizado: 0.09
     Duracao do Algoritmo: 0.392903s

  --> Iteracao: 3
     Conjunto de Jobs:
     C = { 63, 94, 23, 99, 95, 58, 83, 59, 96, 71, 97, 49, 12, 98, 11, 8, 65, 78, 68, 72, 14, 55, 15, 34, 76, 16, 17, 80, 51, 66, 73, 60, 91, 61, 7, 75, 50, 74, 93, 13, 18, 77, 9, 85, 43, 37, 10, 92, 30, 39, 0, 44, 20, 31, 32, 79, 53, 33, 36, 82, 87, 45, 21, 62, 64, 52, 84, 1, 29, 22, 2, 56, 54, 24, 67, 38, 25, 46, 57, 47, 26, 89, 90, 40, 27, 70, 3, 81, 69, 41, 48, 28, 19, 86, 42, 4, 5, 88, 6, 35 }
     Makespan: 1934
     Alfa Utilizado: 0.09
     Duracao do Algoritmo: 0.188369s

  --> Iteracao: 4
     Conjunto de Jobs:
     C = { 61, 78, 99, 63, 93, 12, 53, 91, 42, 96, 80, 68, 14, 55, 15, 92, 11, 16, 17, 94, 70, 83, 8, 67, 18, 19, 44, 98, 75, 74, 76, 90, 95, 20, 45, 10, 37, 38, 13, 21, 82, 71, 64, 58, 77, 7, 59, 22, 36, 30, 9, 31, 32, 49, 23, 46, 51, 33, 84, 85, 47, 0, 35, 39, 24, 40, 72, 62, 48, 54, 65, 34, 25, 41, 1, 56, 97, 43, 50, 79, 73, 60, 2, 26, 66, 3, 81, 69, 87, 86, 89, 52, 88, 27, 4, 5, 6, 28, 57, 29 }
     Makespan: 1945
     Alfa Utilizado: 0.09
     Duracao do Algoritmo: 0.00974262s

  --> Iteracao: 5
     Conjunto de Jobs:
     C = { 78, 58, 91, 42, 76, 95, 82, 51, 75, 15, 10, 37, 70, 83, 97, 60, 96, 41, 99, 85, 80, 49, 90, 44, 98, 11, 8, 64, 14, 72, 92, 93, 67, 63, 77, 73, 79, 16, 13, 17, 87, 34, 56, 0, 7, 59, 30, 2, 26, 81, 61, 24, 69, 1, 38, 25, 31, 9, 89, 36, 50, 65, 55, 54, 18, 19, 39, 68, 46, 40, 20, 74, 71, 12, 33, 3, 21, 62, 27, 32, 22, 4, 5, 52, 6, 28, 45, 35, 84, 57, 66, 23, 94, 86, 29, 53, 48, 47, 43, 88 }
     Makespan: 1935
     Alfa Utilizado: 0.09
     Duracao do Algoritmo: 1.00934s

  --> Iteracao: 6
     Conjunto de Jobs:
     C = { 61, 72, 92, 96, 66, 58, 99, 67, 13, 73, 11, 68, 60, 85, 7, 56, 29, 59, 53, 49, 15, 54, 0, 75, 50, 98, 64, 80, 95, 10, 8, 78, 97, 34, 87, 63, 93, 86, 90, 44, 52, 65, 89, 9, 51, 91, 16, 77, 83, 62, 94, 14, 42, 23, 17, 30, 37, 70, 32, 38, 55, 18, 19, 39, 24, 76, 45, 1, 31, 33, 20, 35, 36, 46, 40, 57, 47, 82, 79, 3, 21, 25, 41, 48, 4, 5, 26, 2, 43, 74, 27, 6, 22, 71, 28, 12, 84, 81, 69, 88 }
     Makespan: 1938
     Alfa Utilizado: 0.09
     Duracao do Algoritmo: 1.23923s

  --> Iteracao: 7
     Conjunto de Jobs:
     C = { 79, 37, 70, 58, 99, 0, 44, 71, 60, 91, 92, 45, 67, 61, 49, 14, 93, 56, 96, 12, 85, 7, 53, 68, 1, 42, 2, 38, 95, 13, 55, 94, 34, 9, 98, 15, 10, 8, 72, 78, 30, 74, 84, 11, 80, 87, 3, 16, 17, 81, 23, 36, 4, 82, 39, 18, 40, 32, 19, 90, 83, 59, 63, 97, 50, 5, 33, 51, 65, 89, 24, 75, 76, 41, 52, 73, 22, 35, 25, 46, 43, 54, 47, 26, 66, 86, 6, 77, 21, 57, 88, 48, 28, 62, 27, 20, 69, 64, 31, 29 }
     Makespan: 1940
     Alfa Utilizado: 0.09
     Duracao do Algoritmo: 0.939436s

  --> Iteracao: 8
     Conjunto de Jobs:
     C = { 65, 64, 58, 63, 59, 38, 7, 12, 53, 85, 80, 36, 60, 74, 93, 92, 9, 15, 82, 67, 13, 34, 56, 0, 55, 8, 87, 70, 99, 76, 71, 90, 96, 66, 91, 72, 98, 11, 16, 23, 89, 54, 95, 14, 83, 10, 24, 69, 1, 42, 75, 32, 2, 37, 25, 88, 17, 77, 31, 29, 26, 35, 84, 62, 27, 44, 18, 19, 73, 45, 68, 79, 3, 94, 46, 51, 28, 61, 78, 81, 20, 4, 5, 6, 49, 21, 47, 33, 39, 50, 22, 40, 97, 48, 52, 86, 41, 57, 30, 43 }
     Makespan: 1938
     Alfa Utilizado: 0.09
     Duracao do Algoritmo: 0.84313s

  --> Iteracao: 9
     Conjunto de Jobs:
     C = { 65, 46, 23, 94, 43, 76, 90, 70, 7, 63, 8, 72, 78, 30, 74, 96, 71, 51, 0, 55, 92, 10, 14, 31, 9, 80, 36, 60, 64, 93, 13, 73, 75, 95, 82, 61, 58, 15, 24, 62, 98, 11, 1, 91, 16, 17, 2, 18, 19, 37, 25, 20, 53, 4, 3, 85, 84, 32, 38, 87, 86, 97, 49, 21, 83, 77, 47, 29, 26, 34, 68, 79, 5, 33, 44, 12, 6, 22, 35, 39, 50, 81, 66, 40, 27, 59, 41, 52, 88, 48, 89, 99, 69, 45, 42, 57, 54, 67, 28, 56 }
     Makespan: 1937
     Alfa Utilizado: 0.09
     Duracao do Algoritmo: 1.61618s

  --> Iteracao: 10
     Conjunto de Jobs:
     C = { 25, 93, 92, 72, 36, 68, 94, 56, 59, 0, 99, 51, 58, 41, 76, 95, 13, 15, 83, 91, 64, 80, 78, 97, 10, 1, 8, 49, 28, 85, 43, 50, 16, 65, 60, 74, 71, 82, 87, 70, 7, 44, 96, 9, 84, 27, 90, 31, 53, 3, 75, 45, 30, 37, 23, 89, 34, 17, 33, 38, 98, 11, 35, 46, 32, 14, 55, 54, 4, 5, 52, 6, 77, 61, 24, 47, 39, 18, 19, 62, 48, 57, 20, 79, 73, 42, 21, 40, 66, 86, 81, 69, 26, 63, 88, 67, 22, 2, 12, 29 }
     Makespan: 1937
     Alfa Utilizado: 0.09
     Duracao do Algoritmo: 1.49031s


 --> Melhor Makespan Obtido: 1934
 --> Media dos Makespans Obtidos: 1938.6
 --> Media da Duracao Total das Iteracoes: 0.913804s
