 * Resultados Obtidos nas 10 Iteracoes: 

  --> Iteracao: 1
     Conjunto de Jobs:
     C = { 78, 30, 61, 21, 94, 56, 80, 49, 52, 44, 10, 64, 74, 68, 85, 13, 60, 7, 55, 8, 65, 42, 90, 96, 75, 45, 50, 63, 92, 72, 98, 73, 0, 87, 82, 47, 62, 99, 95, 12, 84, 11, 89, 97, 34, 9, 31, 53, 1, 91, 32, 46, 51, 86, 59, 16, 77, 83, 28, 14, 33, 36, 37, 23, 35, 24, 67, 27, 76, 48, 2, 71, 17, 88, 3, 18, 19, 39, 79, 5, 26, 4, 6, 70, 25, 93, 40, 58, 15, 57, 66, 41, 81, 69, 20, 38, 22, 43, 54, 29 }
     Makespan: 2936
     Alfa Utilizado: 0.09
     Duracao do Algoritmo: 0.827188s

  --> Iteracao: 2
     Conjunto de Jobs:
     C = { 6, 8, 67, 63, 15, 49, 12, 53, 85, 64, 68, 94, 92, 10, 50, 78, 30, 76, 91, 16, 80, 87, 17, 31, 23, 72, 34, 24, 11, 61, 7, 59, 96, 9, 90, 99, 98, 73, 25, 70, 56, 69, 66, 58, 18, 82, 75, 95, 83, 71, 54, 97, 60, 19, 74, 77, 89, 79, 33, 84, 81, 42, 32, 35, 36, 26, 1, 52, 20, 2, 14, 88, 3, 21, 62, 27, 44, 57, 37, 38, 93, 4, 5, 51, 65, 86, 39, 46, 41, 40, 45, 29, 22, 55, 13, 47, 43, 28, 0, 48 }
     Makespan: 2938
     Alfa Utilizado: 0.09
     Duracao do Algoritmo: 1.62378s

  --> Iteracao: 3
     Conjunto de Jobs:
     C = { 61, 58, 94, 99, 0, 55, 92, 71, 63, 48, 11, 95, 36, 68, 14, 2, 96, 74, 72, 85, 64, 93, 54, 34, 56, 59, 87, 73, 30, 76, 90, 12, 98, 75, 32, 70, 83, 97, 60, 91, 77, 7, 79, 80, 78, 89, 9, 15, 49, 67, 31, 23, 8, 24, 16, 17, 81, 3, 10, 50, 51, 18, 4, 5, 52, 6, 33, 25, 42, 37, 35, 19, 44, 20, 53, 26, 82, 65, 62, 27, 13, 45, 21, 57, 28, 38, 22, 39, 46, 40, 29, 41, 47, 84, 43, 66, 86, 1, 69, 88 }
     Makespan: 2937
     Alfa Utilizado: 0.09
     Duracao do Algoritmo: 0.61678s

  --> Iteracao: 4
     Conjunto de Jobs:
     C = { 64, 87, 63, 93, 56, 99, 78, 30, 95, 10, 14, 88, 70, 32, 92, 8, 72, 61, 49, 67, 34, 54, 96, 12, 85, 7, 59, 73, 11, 39, 36, 31, 9, 98, 15, 82, 75, 74, 68, 35, 84, 83, 91, 89, 97, 21, 33, 51, 43, 90, 44, 50, 23, 94, 65, 24, 53, 0, 13, 45, 58, 1, 42, 2, 76, 16, 17, 48, 62, 47, 37, 3, 18, 19, 66, 20, 4, 5, 52, 6, 55, 25, 46, 57, 71, 38, 26, 77, 60, 80, 79, 22, 40, 27, 41, 81, 69, 28, 86, 29 }
     Makespan: 2937
     Alfa Utilizado: 0.09
     Duracao do Algoritmo: 0.808964s

  --> Iteracao: 5
     Conjunto de Jobs:
     C = { 63, 93, 13, 15, 49, 84, 92, 96, 80, 78, 7, 12, 98, 11, 95, 58, 37, 99, 76, 50, 23, 72, 81, 60, 85, 59, 61, 46, 0, 73, 75, 38, 51, 86, 29, 9, 31, 34, 24, 16, 25, 42, 97, 10, 17, 91, 57, 74, 71, 87, 14, 55, 94, 70, 33, 26, 90, 44, 89, 52, 6, 8, 32, 35, 36, 68, 1, 39, 18, 2, 53, 40, 27, 83, 77, 28, 19, 22, 3, 66, 20, 4, 5, 65, 41, 82, 79, 45, 21, 67, 30, 56, 54, 47, 43, 69, 48, 62, 64, 88 }
     Makespan: 2936
     Alfa Utilizado: 0.09
     Duracao do Algoritmo: 1.48131s

  --> Iteracao: 6
     Conjunto de Jobs:
     C = { 65, 64, 37, 61, 72, 78, 22, 55, 92, 60, 74, 27, 95, 56, 80, 23, 99, 51, 96, 75, 9, 90, 44, 98, 67, 13, 58, 11, 8, 24, 14, 93, 12, 73, 25, 42, 77, 62, 34, 68, 94, 71, 97, 45, 10, 66, 91, 85, 82, 59, 87, 70, 32, 38, 26, 30, 49, 84, 0, 63, 39, 36, 46, 15, 40, 1, 16, 2, 76, 50, 17, 54, 28, 69, 41, 47, 29, 3, 18, 19, 86, 57, 33, 20, 4, 5, 52, 6, 35, 43, 88, 21, 83, 31, 7, 89, 79, 53, 48, 81 }
     Makespan: 2935
     Alfa Utilizado: 0.09
     Duracao do Algoritmo: 0.63645s

  --> Iteracao: 7
     Conjunto de Jobs:
     C = { 58, 42, 21, 83, 71, 54, 0, 13, 14, 93, 56, 99, 78, 7, 67, 63, 8, 64, 1, 96, 9, 61, 72, 92, 11, 2, 76, 88, 3, 10, 73, 30, 95, 12, 66, 36, 37, 23, 31, 32, 90, 33, 38, 51, 80, 22, 98, 75, 34, 24, 4, 5, 77, 70, 35, 25, 91, 16, 17, 59, 26, 82, 39, 18, 6, 49, 74, 27, 68, 60, 85, 50, 81, 15, 28, 62, 29, 41, 20, 44, 52, 84, 43, 55, 94, 53, 40, 45, 65, 97, 87, 86, 57, 89, 79, 46, 19, 47, 69, 48 }
     Makespan: 2934
     Alfa Utilizado: 0.09
     Duracao do Algoritmo: 0.946635s

  --> Iteracao: 8
     Conjunto de Jobs:
     C = { 61, 0, 55, 8, 72, 64, 58, 91, 32, 90, 70, 7, 66, 63, 47, 60, 85, 80, 34, 87, 73, 74, 68, 1, 69, 59, 93, 62, 99, 82, 78, 76, 95, 36, 12, 51, 83, 97, 10, 14, 94, 53, 49, 23, 11, 40, 16, 13, 17, 2, 50, 84, 30, 89, 31, 33, 3, 9, 42, 18, 4, 25, 56, 19, 37, 35, 65, 20, 44, 52, 71, 38, 5, 26, 54, 96, 21, 57, 6, 22, 39, 24, 27, 75, 45, 28, 86, 29, 41, 98, 67, 46, 43, 88, 48, 79, 77, 92, 15, 81 }
     Makespan: 2935
     Alfa Utilizado: 0.09
     Duracao do Algoritmo: 1.06834s

  --> Iteracao: 9
     Conjunto de Jobs:
     C = { 17, 64, 60, 80, 94, 14, 76, 34, 66, 0, 63, 72, 78, 7, 75, 69, 71, 51, 91, 58, 15, 49, 67, 61, 16, 86, 59, 93, 13, 18, 19, 73, 10, 8, 50, 23, 99, 62, 30, 95, 20, 44, 9, 31, 32, 83, 36, 57, 47, 37, 70, 33, 26, 1, 11, 89, 97, 45, 96, 21, 2, 53, 38, 98, 35, 39, 24, 74, 68, 46, 42, 40, 90, 12, 22, 3, 56, 41, 85, 84, 92, 65, 4, 5, 52, 6, 55, 25, 27, 82, 87, 88, 48, 77, 43, 28, 79, 54, 29, 81 }
     Makespan: 2938
     Alfa Utilizado: 0.09
     Duracao do Algoritmo: 0.214479s

  --> Iteracao: 10
     Conjunto de Jobs:
     C = { 11, 99, 51, 54, 65, 68, 14, 49, 58, 91, 36, 30, 95, 12, 85, 7, 59, 0, 75, 76, 50, 63, 97, 87, 8, 64, 1, 55, 2, 9, 84, 92, 60, 96, 23, 94, 56, 98, 16, 17, 89, 52, 71, 44, 93, 13, 45, 24, 90, 83, 53, 3, 10, 37, 73, 18, 77, 70, 32, 19, 66, 20, 31, 33, 25, 42, 21, 82, 61, 38, 26, 4, 5, 35, 39, 79, 22, 40, 27, 6, 41, 34, 57, 28, 43, 74, 72, 80, 29, 67, 46, 15, 81, 69, 47, 86, 62, 48, 78, 88 }
     Makespan: 2938
     Alfa Utilizado: 0.09
     Duracao do Algoritmo: 0.887744s


 --> Melhor Makespan Obtido: 2934
 --> Media dos Makespans Obtidos: 2936.4
 --> Media da Duracao Total das Iteracoes: 0.911168s
