 * Resultados Obtidos nas 10 Iteracoes: 

  --> Iteracao: 1
     Conjunto de Jobs:
     C = { 45, 6, 54, 34, 48, 27, 63, 70, 9, 43, 3, 55, 2, 69, 42, 10, 64, 72, 67, 37, 35, 18, 0, 71, 73, 23, 65, 60, 22, 12, 8, 66, 47, 50, 68, 25, 1, 11, 33, 4, 29, 26, 56, 7, 44, 40, 19, 28, 52, 62, 30, 13, 14, 49, 24, 20, 46, 31, 57, 32, 36, 15, 41, 5, 51, 39, 21, 59, 58, 16, 53, 61, 38, 74, 17 }
     Makespan: 1455
     Alfa Utilizado: 0.1
     Duracao do Algoritmo: 0.417023s

  --> Iteracao: 2
     Conjunto de Jobs:
     C = { 68, 51, 29, 46, 55, 63, 54, 2, 60, 22, 52, 0, 47, 45, 72, 1, 57, 70, 17, 64, 59, 74, 18, 53, 48, 42, 25, 30, 6, 67, 9, 62, 61, 10, 38, 23, 69, 26, 56, 19, 71, 73, 28, 40, 7, 20, 50, 66, 58, 8, 3, 21, 37, 12, 31, 24, 65, 27, 32, 4, 11, 13, 14, 35, 33, 5, 15, 41, 49, 34, 16, 39, 43, 44, 36 }
     Makespan: 1456
     Alfa Utilizado: 0.1
     Duracao do Algoritmo: 0.0650586s

  --> Iteracao: 3
     Conjunto de Jobs:
     C = { 33, 3, 61, 9, 63, 48, 27, 42, 49, 64, 72, 37, 10, 38, 54, 18, 6, 74, 69, 43, 66, 70, 4, 41, 71, 73, 11, 50, 68, 51, 60, 0, 22, 52, 24, 19, 56, 5, 55, 67, 26, 7, 20, 65, 58, 25, 34, 44, 23, 17, 46, 12, 8, 40, 2, 57, 29, 21, 13, 28, 59, 45, 30, 14, 53, 31, 39, 15, 32, 62, 1, 47, 16, 35, 36 }
     Makespan: 1456
     Alfa Utilizado: 0.1
     Duracao do Algoritmo: 0.34401s

  --> Iteracao: 4
     Conjunto de Jobs:
     C = { 35, 70, 15, 41, 37, 74, 57, 6, 25, 48, 40, 45, 63, 55, 7, 44, 65, 18, 9, 51, 60, 39, 69, 53, 13, 22, 71, 17, 47, 62, 19, 33, 8, 73, 61, 10, 64, 59, 36, 67, 0, 14, 54, 43, 3, 26, 2, 20, 30, 38, 23, 1, 11, 28, 56, 42, 72, 29, 4, 21, 50, 66, 5, 27, 52, 68, 46, 49, 12, 58, 32, 34, 16, 31, 24 }
     Makespan: 1451
     Alfa Utilizado: 0.1
     Duracao do Algoritmo: 0.528112s

  --> Iteracao: 5
     Conjunto de Jobs:
     C = { 44, 40, 54, 61, 48, 72, 37, 51, 29, 67, 17, 47, 15, 35, 49, 12, 41, 63, 55, 2, 65, 60, 52, 0, 22, 56, 45, 70, 24, 18, 9, 62, 30, 64, 57, 6, 25, 71, 73, 27, 53, 58, 50, 68, 46, 10, 38, 23, 1, 19, 8, 7, 20, 3, 26, 21, 13, 28, 59, 4, 11, 66, 39, 32, 42, 14, 43, 33, 5, 74, 34, 16, 31, 69, 36 }
     Makespan: 1456
     Alfa Utilizado: 0.1
     Duracao do Algoritmo: 0.260377s

  --> Iteracao: 6
     Conjunto de Jobs:
     C = { 47, 45, 62, 61, 9, 6, 67, 60, 55, 48, 40, 69, 2, 50, 57, 52, 37, 51, 29, 18, 53, 44, 23, 63, 70, 65, 10, 64, 59, 24, 22, 39, 43, 54, 11, 71, 66, 73, 74, 17, 46, 72, 42, 25, 30, 12, 31, 3, 8, 7, 32, 4, 0, 68, 1, 27, 33, 5, 19, 49, 34, 14, 35, 56, 20, 36, 15, 41, 26, 21, 13, 28, 38, 16, 58 }
     Makespan: 1454
     Alfa Utilizado: 0.1
     Duracao do Algoritmo: 0.672178s

  --> Iteracao: 7
     Conjunto de Jobs:
     C = { 44, 38, 53, 42, 9, 45, 3, 24, 67, 55, 63, 35, 18, 14, 52, 74, 57, 12, 22, 47, 41, 4, 29, 59, 70, 17, 69, 2, 60, 10, 46, 66, 5, 54, 62, 61, 13, 48, 11, 37, 19, 71, 64, 65, 49, 68, 1, 15, 40, 23, 39, 26, 56, 20, 30, 6, 36, 51, 31, 43, 28, 7, 32, 50, 33, 8, 73, 58, 25, 34, 16, 27, 72, 0, 21 }
     Makespan: 1456
     Alfa Utilizado: 0.1
     Duracao do Algoritmo: 0.41384s

  --> Iteracao: 8
     Conjunto de Jobs:
     C = { 45, 6, 67, 43, 12, 69, 47, 64, 72, 7, 55, 2, 50, 0, 70, 51, 42, 25, 54, 15, 8, 9, 71, 73, 61, 48, 10, 17, 21, 57, 52, 68, 66, 44, 11, 13, 59, 24, 19, 38, 60, 40, 23, 14, 29, 4, 74, 1, 22, 30, 16, 31, 26, 5, 41, 37, 32, 36, 63, 33, 28, 56, 20, 65, 49, 34, 39, 46, 62, 35, 18, 53, 58, 27, 3 }
     Makespan: 1454
     Alfa Utilizado: 0.1
     Duracao do Algoritmo: 0.565625s

  --> Iteracao: 9
     Conjunto de Jobs:
     C = { 11, 21, 38, 60, 27, 3, 24, 18, 0, 22, 53, 64, 57, 67, 54, 29, 48, 6, 25, 34, 47, 50, 13, 55, 7, 72, 69, 43, 4, 74, 17, 61, 23, 62, 14, 9, 8, 40, 71, 73, 45, 51, 42, 35, 19, 56, 2, 15, 41, 5, 59, 58, 30, 44, 16, 31, 26, 52, 37, 10, 46, 49, 39, 28, 66, 70, 65, 33, 20, 63, 32, 12, 68, 1, 36 }
     Makespan: 1457
     Alfa Utilizado: 0.1
     Duracao do Algoritmo: 0.128183s

  --> Iteracao: 10
     Conjunto de Jobs:
     C = { 34, 73, 6, 54, 18, 0, 22, 56, 60, 40, 7, 44, 64, 72, 49, 24, 63, 70, 9, 8, 12, 1, 48, 13, 29, 2, 17, 61, 65, 10, 30, 19, 66, 23, 67, 68, 25, 41, 26, 52, 57, 20, 50, 74, 69, 11, 21, 38, 31, 27, 3, 55, 14, 43, 4, 15, 32, 37, 51, 42, 5, 33, 28, 59, 58, 16, 39, 46, 47, 45, 71, 53, 62, 35, 36 }
     Makespan: 1455
     Alfa Utilizado: 0.1
     Duracao do Algoritmo: 0.414942s


 --> Melhor Makespan Obtido: 1451
 --> Media dos Makespans Obtidos: 1455
 --> Media da Duracao Total das Iteracoes: 0.380935s
