 * Resultados Obtidos nas 10 Iteracoes: 

  --> Iteracao: 1
     Conjunto de Jobs:
     C = { 35, 70, 48, 72, 0, 32, 6, 67, 9, 3, 57, 12, 22, 74, 17, 61, 10, 29, 2, 50, 69, 53, 54, 43, 23, 1, 4, 30, 7, 18, 37, 52, 62, 13, 47, 44, 55, 42, 25, 39, 5, 15, 71, 14, 56, 20, 63, 24, 19, 68, 27, 41, 45, 26, 21, 51, 31, 36, 11, 46, 49, 59, 58, 8, 28, 66, 65, 64, 33, 73, 34, 16, 38, 60, 40 }
     Makespan: 1454
     Alfa Utilizado: 0.1
     Duracao do Algoritmo: 0.439966s

  --> Iteracao: 2
     Conjunto de Jobs:
     C = { 44, 40, 69, 43, 54, 29, 2, 67, 47, 50, 56, 17, 61, 22, 72, 52, 0, 70, 9, 71, 73, 34, 6, 74, 18, 64, 58, 19, 49, 51, 60, 10, 41, 63, 24, 20, 37, 48, 42, 11, 3, 57, 12, 25, 62, 30, 13, 28, 4, 38, 21, 26, 23, 5, 27, 1, 14, 53, 31, 39, 15, 32, 66, 65, 33, 45, 7, 55, 16, 46, 8, 68, 35, 59, 36 }
     Makespan: 1456
     Alfa Utilizado: 0.1
     Duracao do Algoritmo: 0.242262s

  --> Iteracao: 3
     Conjunto de Jobs:
     C = { 2, 50, 0, 70, 21, 33, 45, 41, 69, 43, 3, 38, 22, 74, 18, 9, 71, 64, 6, 24, 17, 60, 73, 61, 10, 57, 7, 67, 55, 28, 66, 44, 51, 59, 25, 68, 4, 48, 8, 12, 1, 35, 19, 49, 34, 11, 40, 5, 54, 63, 20, 46, 47, 13, 29, 14, 53, 23, 39, 30, 32, 26, 56, 16, 62, 37, 15, 65, 58, 31, 27, 42, 72, 52, 36 }
     Makespan: 1457
     Alfa Utilizado: 0.1
     Duracao do Algoritmo: 0.428784s

  --> Iteracao: 4
     Conjunto de Jobs:
     C = { 11, 40, 2, 67, 37, 69, 70, 4, 48, 12, 33, 6, 24, 18, 0, 47, 13, 16, 53, 71, 38, 60, 55, 63, 9, 51, 59, 44, 39, 61, 42, 15, 1, 35, 41, 66, 73, 72, 49, 68, 25, 62, 74, 10, 7, 56, 17, 46, 22, 8, 50, 20, 65, 21, 26, 58, 27, 52, 5, 45, 3, 30, 14, 29, 31, 57, 32, 19, 64, 23, 34, 28, 54, 43, 36 }
     Makespan: 1453
     Alfa Utilizado: 0.1
     Duracao do Algoritmo: 0.325015s

  --> Iteracao: 5
     Conjunto de Jobs:
     C = { 34, 57, 6, 67, 43, 48, 72, 42, 14, 9, 51, 65, 21, 38, 74, 18, 37, 10, 41, 56, 2, 50, 47, 45, 3, 55, 35, 54, 61, 59, 62, 71, 66, 27, 32, 4, 0, 7, 44, 23, 69, 11, 12, 8, 22, 52, 36, 31, 39, 73, 16, 25, 20, 46, 49, 68, 1, 29, 53, 13, 28, 64, 58, 30, 63, 24, 19, 70, 15, 17, 60, 40, 26, 33, 5 }
     Makespan: 1457
     Alfa Utilizado: 0.1
     Duracao do Algoritmo: 0.230388s

  --> Iteracao: 6
     Conjunto de Jobs:
     C = { 31, 40, 69, 72, 9, 33, 27, 53, 64, 6, 67, 60, 52, 48, 12, 7, 18, 37, 17, 62, 71, 66, 73, 61, 47, 30, 46, 50, 0, 63, 24, 2, 57, 42, 49, 59, 3, 8, 68, 1, 4, 74, 39, 10, 22, 5, 19, 54, 43, 23, 55, 13, 29, 14, 56, 20, 51, 65, 21, 26, 35, 25, 41, 45, 44, 11, 70, 15, 32, 34, 28, 38, 16, 58, 36 }
     Makespan: 1457
     Alfa Utilizado: 0.1
     Duracao do Algoritmo: 0.513048s

  --> Iteracao: 7
     Conjunto de Jobs:
     C = { 35, 70, 72, 69, 47, 44, 40, 48, 9, 43, 12, 64, 18, 71, 37, 13, 55, 0, 14, 52, 6, 63, 50, 73, 1, 57, 33, 46, 10, 22, 74, 39, 15, 51, 59, 7, 29, 2, 17, 38, 54, 23, 67, 24, 66, 27, 42, 11, 16, 25, 36, 45, 26, 60, 3, 19, 8, 28, 56, 20, 65, 21, 61, 58, 31, 62, 53, 4, 30, 32, 34, 5, 41, 49, 68 }
     Makespan: 1454
     Alfa Utilizado: 0.1
     Duracao do Algoritmo: 0.239056s

  --> Iteracao: 8
     Conjunto de Jobs:
     C = { 44, 40, 48, 6, 67, 43, 23, 55, 2, 50, 7, 52, 22, 3, 26, 58, 47, 70, 63, 0, 61, 9, 8, 17, 60, 54, 29, 18, 49, 51, 42, 72, 66, 39, 10, 38, 74, 69, 11, 25, 1, 37, 19, 71, 14, 62, 28, 56, 20, 30, 27, 41, 45, 21, 13, 73, 31, 57, 32, 4, 12, 53, 64, 65, 33, 5, 15, 24, 34, 16, 46, 68, 35, 59, 36 }
     Makespan: 1453
     Alfa Utilizado: 0.1
     Duracao do Algoritmo: 0.431101s

  --> Iteracao: 9
     Conjunto de Jobs:
     C = { 57, 29, 48, 72, 0, 47, 3, 30, 27, 6, 63, 54, 43, 68, 35, 70, 37, 17, 60, 22, 56, 2, 26, 7, 55, 24, 34, 23, 67, 74, 39, 41, 61, 65, 18, 9, 8, 50, 33, 31, 13, 59, 4, 38, 42, 14, 52, 1, 15, 19, 28, 40, 5, 45, 71, 53, 58, 32, 49, 25, 20, 46, 10, 64, 21, 51, 73, 16, 62, 66, 44, 36, 12, 69, 11 }
     Makespan: 1453
     Alfa Utilizado: 0.1
     Duracao do Algoritmo: 0.385193s

  --> Iteracao: 10
     Conjunto de Jobs:
     C = { 47, 3, 55, 60, 51, 73, 72, 49, 36, 57, 52, 37, 74, 25, 48, 27, 9, 0, 63, 54, 61, 6, 24, 18, 53, 70, 45, 29, 2, 67, 59, 7, 22, 56, 17, 62, 1, 4, 12, 39, 10, 41, 69, 11, 13, 8, 40, 19, 50, 43, 23, 5, 58, 30, 14, 28, 26, 31, 66, 32, 38, 44, 65, 33, 20, 46, 64, 21, 15, 71, 42, 68, 35, 34, 16 }
     Makespan: 1460
     Alfa Utilizado: 0.1
     Duracao do Algoritmo: 0.0783792s


 --> Melhor Makespan Obtido: 1453
 --> Media dos Makespans Obtidos: 1455.4
 --> Media da Duracao Total das Iteracoes: 0.331319s
