 * Resultados Obtidos nas 10 Iteracoes: 

  --> Iteracao: 1
     Conjunto de Jobs:
     C = { 35, 70, 43, 48, 72, 42, 18, 0, 22, 12, 69, 40, 26, 64, 57, 52, 74, 25, 1, 44, 55, 2, 17, 46, 34, 23, 37, 13, 61, 59, 24, 19, 8, 9, 63, 54, 58, 28, 65, 10, 38, 47, 41, 27, 6, 14, 29, 67, 60, 3, 30, 39, 73, 31, 62, 15, 32, 4, 11, 16, 50, 7, 20, 49, 51, 71, 53, 56, 5, 45, 21, 66, 68, 33, 36 }
     Makespan: 2577
     Alfa Utilizado: 0.1
     Duracao do Algoritmo: 0.346793s

  --> Iteracao: 2
     Conjunto de Jobs:
     C = { 45, 63, 54, 18, 0, 47, 22, 56, 60, 3, 38, 42, 49, 24, 67, 17, 64, 72, 11, 40, 48, 9, 51, 71, 66, 73, 23, 2, 57, 7, 52, 1, 37, 19, 70, 4, 59, 62, 74, 20, 50, 68, 29, 26, 35, 44, 55, 6, 25, 30, 8, 28, 5, 39, 10, 41, 12, 31, 13, 61, 65, 27, 32, 14, 43, 33, 46, 69, 15, 58, 53, 34, 16, 21, 36 }
     Makespan: 2577
     Alfa Utilizado: 0.1
     Duracao do Algoritmo: 0.151518s

  --> Iteracao: 3
     Conjunto de Jobs:
     C = { 70, 48, 9, 72, 52, 14, 47, 30, 44, 16, 63, 55, 65, 10, 64, 6, 67, 54, 61, 38, 31, 69, 46, 50, 7, 22, 71, 66, 73, 23, 2, 60, 12, 8, 40, 18, 37, 17, 62, 56, 42, 35, 49, 25, 39, 33, 45, 29, 26, 58, 19, 68, 51, 43, 4, 24, 20, 53, 13, 28, 5, 74, 57, 0, 21, 59, 3, 15, 41, 27, 32, 34, 11, 1, 36 }
     Makespan: 2577
     Alfa Utilizado: 0.1
     Duracao do Algoritmo: 0.4951s

  --> Iteracao: 4
     Conjunto de Jobs:
     C = { 44, 40, 35, 18, 9, 0, 42, 60, 55, 38, 47, 50, 56, 54, 29, 48, 72, 49, 24, 63, 70, 17, 69, 46, 10, 64, 58, 30, 2, 20, 65, 27, 1, 25, 68, 51, 66, 22, 71, 73, 6, 67, 37, 7, 52, 57, 14, 53, 31, 26, 12, 8, 3, 21, 13, 61, 28, 33, 4, 41, 36, 34, 5, 43, 23, 62, 74, 39, 15, 32, 19, 11, 16, 59, 45 }
     Makespan: 2573
     Alfa Utilizado: 0.1
     Duracao do Algoritmo: 0.397995s

  --> Iteracao: 5
     Conjunto de Jobs:
     C = { 57, 52, 0, 70, 32, 49, 64, 58, 25, 1, 44, 69, 2, 67, 55, 63, 50, 22, 30, 14, 65, 18, 6, 24, 47, 45, 71, 17, 46, 10, 41, 7, 60, 27, 73, 61, 28, 56, 19, 8, 68, 59, 3, 38, 54, 20, 37, 13, 4, 11, 21, 74, 51, 29, 26, 12, 42, 15, 31, 40, 48, 72, 9, 43, 23, 35, 34, 16, 53, 62, 66, 5, 39, 33, 36 }
     Makespan: 2574
     Alfa Utilizado: 0.1
     Duracao do Algoritmo: 0.783301s

  --> Iteracao: 6
     Conjunto de Jobs:
     C = { 35, 73, 72, 37, 17, 61, 54, 68, 50, 0, 47, 41, 18, 46, 55, 2, 69, 70, 9, 51, 65, 19, 56, 45, 3, 24, 20, 23, 21, 74, 25, 1, 44, 38, 60, 12, 64, 58, 10, 22, 71, 42, 49, 39, 26, 48, 27, 6, 67, 43, 4, 11, 13, 28, 5, 40, 7, 52, 8, 66, 30, 14, 53, 31, 57, 32, 62, 15, 29, 33, 63, 34, 16, 59, 36 }
     Makespan: 2573
     Alfa Utilizado: 0.1
     Duracao do Algoritmo: 0.297664s

  --> Iteracao: 7
     Conjunto de Jobs:
     C = { 57, 6, 54, 43, 29, 67, 47, 3, 24, 22, 72, 52, 18, 34, 0, 7, 60, 12, 35, 68, 27, 9, 8, 17, 69, 49, 19, 70, 48, 13, 59, 4, 38, 56, 62, 61, 10, 41, 5, 74, 20, 23, 14, 2, 15, 65, 21, 50, 73, 55, 42, 11, 16, 39, 26, 58, 30, 44, 31, 40, 45, 63, 64, 32, 66, 28, 33, 46, 37, 51, 71, 53, 1, 25, 36 }
     Makespan: 2575
     Alfa Utilizado: 0.1
     Duracao do Algoritmo: 0.286319s

  --> Iteracao: 8
     Conjunto de Jobs:
     C = { 57, 52, 0, 47, 64, 59, 3, 55, 6, 63, 4, 48, 72, 56, 45, 41, 7, 22, 8, 61, 9, 13, 29, 2, 67, 5, 74, 14, 18, 37, 17, 60, 10, 30, 62, 66, 70, 65, 27, 42, 68, 51, 31, 39, 69, 11, 71, 40, 24, 20, 50, 73, 1, 15, 32, 19, 16, 38, 21, 26, 23, 33, 28, 54, 34, 44, 43, 53, 25, 35, 46, 49, 36, 12, 58 }
     Makespan: 2576
     Alfa Utilizado: 0.1
     Duracao do Algoritmo: 0.157711s

  --> Iteracao: 9
     Conjunto de Jobs:
     C = { 44, 51, 29, 46, 47, 22, 63, 50, 9, 3, 57, 52, 48, 72, 43, 4, 38, 74, 54, 2, 67, 37, 10, 64, 33, 24, 5, 59, 7, 56, 60, 0, 69, 70, 45, 26, 12, 1, 35, 71, 66, 27, 58, 30, 8, 17, 61, 13, 55, 28, 18, 73, 23, 14, 49, 19, 68, 41, 15, 31, 39, 32, 42, 11, 40, 53, 62, 6, 20, 65, 21, 34, 16, 25, 36 }
     Makespan: 2579
     Alfa Utilizado: 0.1
     Duracao do Algoritmo: 0.0771782s

  --> Iteracao: 10
     Conjunto de Jobs:
     C = { 62, 70, 48, 9, 6, 63, 0, 15, 41, 12, 69, 72, 49, 64, 18, 14, 47, 3, 61, 65, 33, 60, 55, 2, 67, 17, 38, 21, 24, 22, 43, 66, 44, 11, 1, 4, 29, 46, 19, 68, 26, 7, 52, 57, 5, 25, 30, 13, 28, 54, 20, 23, 35, 50, 56, 59, 58, 8, 40, 45, 51, 31, 27, 32, 37, 74, 39, 73, 34, 16, 53, 71, 42, 10, 36 }
     Makespan: 2576
     Alfa Utilizado: 0.1
     Duracao do Algoritmo: 0.444623s


 --> Melhor Makespan Obtido: 2573
 --> Media dos Makespans Obtidos: 2575.7
 --> Media da Duracao Total das Iteracoes: 0.34382s
