 * Resultados Obtidos nas 10 Iteracoes: 

  --> Iteracao: 1
     Conjunto de Jobs:
     C = { 35, 25, 30, 12, 41, 69, 40, 2, 57, 52, 6, 63, 64, 7, 72, 42, 9, 8, 17, 61, 13, 55, 33, 3, 24, 18, 0, 70, 47, 74, 14, 65, 27, 66, 44, 51, 59, 45, 71, 73, 1, 4, 29, 26, 60, 10, 46, 34, 23, 5, 15, 49, 19, 28, 54, 20, 37, 38, 21, 56, 16, 39, 32, 62, 31, 68, 67, 43, 53, 48, 11, 50, 22, 58, 36 }
     Makespan: 2576
     Alfa Utilizado: 0.1
     Duracao do Algoritmo: 0.698349s

  --> Iteracao: 2
     Conjunto de Jobs:
     C = { 32, 12, 41, 45, 44, 38, 47, 13, 55, 42, 72, 52, 0, 22, 74, 64, 6, 14, 54, 43, 23, 2, 15, 67, 60, 3, 26, 7, 56, 9, 63, 50, 51, 59, 70, 4, 48, 27, 58, 16, 25, 34, 5, 40, 24, 18, 37, 17, 61, 10, 30, 8, 28, 66, 39, 69, 11, 49, 68, 29, 53, 62, 35, 19, 71, 73, 1, 57, 20, 65, 21, 46, 31, 33, 36 }
     Makespan: 2571
     Alfa Utilizado: 0.1
     Duracao do Algoritmo: 0.55225s

  --> Iteracao: 3
     Conjunto de Jobs:
     C = { 57, 6, 63, 35, 7, 72, 43, 3, 55, 67, 60, 0, 70, 51, 65, 29, 4, 59, 62, 61, 48, 11, 45, 44, 40, 54, 68, 25, 5, 18, 8, 17, 64, 74, 10, 41, 37, 38, 31, 39, 69, 46, 22, 30, 12, 1, 27, 58, 47, 26, 23, 2, 50, 19, 28, 56, 13, 14, 53, 71, 66, 32, 24, 20, 9, 21, 33, 73, 34, 49, 42, 15, 52, 36, 16 }
     Makespan: 2577
     Alfa Utilizado: 0.1
     Duracao do Algoritmo: 0.468174s

  --> Iteracao: 4
     Conjunto de Jobs:
     C = { 53, 44, 40, 48, 72, 43, 73, 61, 9, 38, 74, 17, 21, 6, 67, 60, 15, 29, 18, 0, 42, 11, 70, 63, 24, 2, 57, 23, 65, 27, 3, 49, 59, 4, 30, 12, 7, 22, 56, 62, 35, 25, 5, 19, 46, 55, 13, 50, 51, 31, 66, 58, 32, 14, 47, 45, 26, 52, 8, 28, 33, 20, 37, 69, 10, 41, 71, 64, 34, 16, 39, 54, 68, 1, 36 }
     Makespan: 2576
     Alfa Utilizado: 0.1
     Duracao do Algoritmo: 0.266929s

  --> Iteracao: 5
     Conjunto de Jobs:
     C = { 34, 44, 48, 72, 49, 27, 33, 46, 50, 35, 64, 20, 74, 57, 29, 59, 70, 37, 7, 55, 67, 5, 54, 43, 1, 2, 17, 61, 9, 63, 24, 69, 38, 8, 3, 71, 40, 23, 66, 73, 11, 12, 25, 18, 13, 4, 39, 14, 56, 19, 58, 30, 32, 62, 60, 15, 41, 28, 31, 68, 45, 51, 42, 10, 22, 16, 53, 6, 65, 21, 0, 47, 26, 52, 36 }
     Makespan: 2578
     Alfa Utilizado: 0.1
     Duracao do Algoritmo: 0.276738s

  --> Iteracao: 6
     Conjunto de Jobs:
     C = { 32, 14, 2, 60, 54, 18, 37, 17, 38, 47, 3, 30, 63, 70, 67, 43, 12, 62, 55, 0, 6, 9, 51, 42, 35, 34, 44, 69, 72, 52, 1, 57, 29, 48, 10, 22, 71, 53, 64, 65, 19, 66, 39, 61, 23, 46, 50, 13, 73, 27, 58, 8, 40, 4, 24, 31, 59, 25, 5, 15, 56, 16, 20, 36, 11, 28, 26, 33, 45, 21, 74, 49, 68, 41, 7 }
     Makespan: 2575
     Alfa Utilizado: 0.1
     Duracao do Algoritmo: 0.646894s

  --> Iteracao: 7
     Conjunto de Jobs:
     C = { 57, 32, 22, 72, 0, 68, 25, 41, 63, 33, 45, 26, 2, 67, 59, 44, 64, 47, 3, 46, 50, 35, 49, 27, 52, 18, 37, 69, 53, 31, 71, 12, 38, 56, 51, 39, 14, 9, 43, 54, 61, 10, 36, 8, 7, 60, 15, 1, 4, 29, 16, 62, 55, 6, 20, 65, 21, 24, 34, 5, 42, 11, 13, 28, 66, 70, 19, 58, 30, 48, 40, 23, 73, 74, 17 }
     Makespan: 2571
     Alfa Utilizado: 0.1
     Duracao do Algoritmo: 0.528444s

  --> Iteracao: 8
     Conjunto de Jobs:
     C = { 34, 57, 58, 31, 44, 40, 2, 17, 60, 3, 38, 54, 62, 35, 73, 55, 48, 72, 52, 14, 70, 32, 6, 25, 18, 9, 71, 22, 63, 15, 19, 16, 53, 61, 23, 47, 64, 7, 56, 20, 65, 21, 66, 29, 26, 0, 68, 28, 74, 10, 41, 12, 69, 33, 46, 50, 8, 24, 67, 43, 4, 30, 39, 5, 42, 49, 51, 59, 45, 27, 1, 11, 37, 13, 36 }
     Makespan: 2576
     Alfa Utilizado: 0.1
     Duracao do Algoritmo: 0.304051s

  --> Iteracao: 9
     Conjunto de Jobs:
     C = { 46, 47, 62, 54, 63, 70, 15, 49, 34, 0, 64, 65, 18, 37, 19, 29, 2, 57, 52, 1, 9, 38, 44, 23, 66, 39, 69, 42, 68, 50, 20, 72, 59, 21, 51, 56, 17, 8, 22, 71, 12, 58, 7, 60, 10, 41, 27, 74, 25, 30, 13, 61, 6, 14, 43, 53, 31, 24, 32, 4, 11, 48, 73, 33, 3, 67, 26, 35, 55, 16, 28, 40, 5, 45, 36 }
     Makespan: 2574
     Alfa Utilizado: 0.1
     Duracao do Algoritmo: 0.364346s

  --> Iteracao: 10
     Conjunto de Jobs:
     C = { 35, 59, 70, 48, 72, 52, 24, 22, 12, 41, 61, 54, 74, 25, 1, 2, 67, 60, 3, 55, 6, 63, 0, 7, 44, 40, 18, 9, 8, 69, 49, 64, 65, 27, 42, 10, 17, 62, 13, 29, 14, 43, 23, 37, 19, 46, 38, 39, 15, 58, 30, 16, 50, 20, 53, 4, 11, 21, 26, 56, 5, 51, 31, 57, 32, 66, 28, 33, 71, 73, 34, 47, 68, 45, 36 }
     Makespan: 2572
     Alfa Utilizado: 0.1
     Duracao do Algoritmo: 0.528357s


 --> Melhor Makespan Obtido: 2571
 --> Media dos Makespans Obtidos: 2574.6
 --> Media da Duracao Total das Iteracoes: 0.463453s
