 * Resultados Obtidos nas 10 Iteracoes: 

  --> Iteracao: 1
     Conjunto de Jobs:
     C = { 49, 25, 32, 72, 9, 0, 22, 3, 57, 6, 74, 10, 41, 69, 47, 5, 1, 48, 42, 11, 44, 38, 54, 43, 29, 4, 24, 67, 60, 73, 61, 13, 55, 63, 17, 64, 18, 37, 7, 56, 19, 40, 2, 20, 65, 21, 26, 12, 8, 50, 51, 39, 33, 28, 52, 36, 45, 71, 27, 66, 23, 14, 53, 62, 15, 58, 30, 16, 31, 68, 35, 34, 59, 70, 46 }
     Makespan: 1823
     Alfa Utilizado: 0.1
     Duracao do Algoritmo: 0.537732s

  --> Iteracao: 2
     Conjunto de Jobs:
     C = { 57, 6, 54, 34, 0, 7, 22, 12, 1, 11, 51, 29, 67, 37, 48, 42, 72, 66, 35, 70, 17, 69, 10, 30, 5, 3, 19, 64, 47, 43, 73, 74, 25, 41, 4, 38, 60, 40, 26, 2, 45, 63, 33, 71, 52, 8, 68, 27, 9, 31, 13, 50, 56, 28, 55, 14, 53, 44, 23, 46, 49, 39, 15, 32, 62, 61, 58, 16, 59, 65, 18, 21, 24, 20, 36 }
     Makespan: 1824
     Alfa Utilizado: 0.1
     Duracao do Algoritmo: 0.341805s

  --> Iteracao: 3
     Conjunto de Jobs:
     C = { 36, 3, 38, 15, 41, 12, 25, 18, 37, 0, 70, 43, 48, 27, 52, 6, 67, 17, 64, 7, 55, 60, 22, 72, 69, 2, 57, 4, 29, 53, 23, 5, 9, 71, 40, 24, 19, 61, 13, 73, 74, 10, 30, 39, 28, 59, 62, 32, 42, 14, 54, 20, 63, 33, 8, 1, 44, 11, 46, 49, 34, 66, 65, 21, 50, 35, 56, 51, 31, 68, 45, 47, 26, 58, 16 }
     Makespan: 1824
     Alfa Utilizado: 0.1
     Duracao do Algoritmo: 0.278956s

  --> Iteracao: 4
     Conjunto de Jobs:
     C = { 35, 33, 24, 67, 55, 45, 57, 7, 18, 64, 47, 43, 48, 3, 61, 38, 54, 29, 59, 74, 69, 2, 60, 51, 42, 72, 9, 8, 12, 62, 71, 66, 65, 21, 50, 73, 27, 41, 68, 26, 0, 22, 30, 5, 58, 56, 17, 23, 37, 13, 1, 44, 39, 14, 53, 6, 20, 46, 10, 28, 40, 4, 11, 31, 63, 32, 49, 19, 70, 15, 52, 34, 16, 25, 36 }
     Makespan: 1826
     Alfa Utilizado: 0.1
     Duracao do Algoritmo: 0.538541s

  --> Iteracao: 5
     Conjunto de Jobs:
     C = { 71, 40, 2, 17, 61, 9, 51, 60, 54, 62, 56, 28, 26, 35, 18, 46, 69, 42, 10, 64, 6, 32, 24, 67, 0, 70, 47, 50, 66, 58, 19, 16, 53, 48, 73, 27, 74, 20, 37, 7, 22, 3, 8, 12, 1, 4, 29, 21, 13, 59, 65, 72, 11, 49, 34, 39, 14, 43, 68, 30, 38, 23, 5, 15, 31, 33, 45, 44, 55, 63, 25, 41, 57, 52, 36 }
     Makespan: 1823
     Alfa Utilizado: 0.1
     Duracao do Algoritmo: 0.296559s

  --> Iteracao: 6
     Conjunto de Jobs:
     C = { 53, 44, 48, 43, 12, 25, 41, 63, 50, 9, 51, 60, 52, 62, 6, 67, 0, 22, 3, 55, 65, 10, 46, 69, 11, 70, 17, 26, 18, 71, 72, 1, 4, 29, 2, 57, 5, 40, 7, 73, 34, 23, 66, 19, 38, 42, 24, 20, 30, 8, 61, 13, 28, 54, 35, 68, 27, 31, 56, 45, 21, 37, 32, 14, 49, 39, 15, 58, 47, 16, 59, 74, 64, 33, 36 }
     Makespan: 1828
     Alfa Utilizado: 0.1
     Duracao do Algoritmo: 0.1758s

  --> Iteracao: 7
     Conjunto de Jobs:
     C = { 11, 3, 38, 54, 61, 55, 2, 67, 24, 18, 0, 42, 72, 14, 47, 43, 4, 48, 12, 22, 74, 64, 17, 50, 13, 29, 26, 23, 35, 70, 15, 71, 9, 33, 65, 49, 27, 41, 66, 5, 40, 7, 20, 30, 8, 68, 25, 1, 37, 10, 28, 52, 46, 31, 45, 21, 57, 32, 62, 39, 19, 56, 60, 73, 16, 53, 51, 6, 63, 34, 59, 44, 69, 58, 36 }
     Makespan: 1826
     Alfa Utilizado: 0.1
     Duracao do Algoritmo: 0.547539s

  --> Iteracao: 8
     Conjunto de Jobs:
     C = { 47, 44, 65, 29, 48, 27, 6, 24, 22, 12, 53, 3, 38, 42, 60, 0, 7, 18, 13, 1, 37, 35, 19, 61, 55, 45, 72, 52, 14, 70, 15, 17, 69, 49, 25, 54, 63, 20, 50, 51, 21, 57, 33, 8, 40, 26, 56, 62, 28, 59, 64, 58, 16, 46, 10, 30, 2, 74, 31, 39, 32, 4, 11, 66, 5, 9, 71, 73, 34, 23, 67, 43, 68, 41, 36 }
     Makespan: 1824
     Alfa Utilizado: 0.1
     Duracao do Algoritmo: 0.226525s

  --> Iteracao: 9
     Conjunto de Jobs:
     C = { 34, 6, 67, 55, 63, 54, 42, 60, 40, 48, 72, 52, 18, 37, 7, 44, 38, 74, 1, 2, 65, 29, 46, 50, 22, 8, 12, 62, 13, 61, 9, 43, 23, 69, 10, 17, 64, 47, 3, 71, 66, 73, 45, 30, 14, 56, 19, 49, 27, 41, 26, 11, 25, 39, 15, 31, 57, 20, 51, 59, 4, 24, 32, 16, 28, 33, 5, 58, 53, 70, 21, 0, 68, 35, 36 }
     Makespan: 1828
     Alfa Utilizado: 0.1
     Duracao do Algoritmo: 0.38885s

  --> Iteracao: 10
     Conjunto de Jobs:
     C = { 21, 6, 24, 18, 9, 51, 60, 3, 61, 54, 43, 29, 48, 72, 0, 42, 25, 41, 69, 2, 30, 64, 47, 74, 17, 52, 1, 4, 7, 67, 37, 10, 38, 56, 5, 27, 22, 63, 32, 19, 71, 73, 31, 62, 66, 44, 11, 46, 49, 12, 39, 50, 13, 8, 68, 26, 58, 20, 65, 33, 28, 40, 23, 34, 57, 14, 53, 70, 15, 35, 55, 16, 59, 45, 36 }
     Makespan: 1827
     Alfa Utilizado: 0.1
     Duracao do Algoritmo: 0.135571s


 --> Melhor Makespan Obtido: 1823
 --> Media dos Makespans Obtidos: 1825.3
 --> Media da Duracao Total das Iteracoes: 0.346788s
