 * Resultados Obtidos nas 10 Iteracoes: 

  --> Iteracao: 1
     Conjunto de Jobs:
     C = { 35, 45, 70, 51, 29, 68, 63, 48, 72, 0, 42, 18, 49, 24, 67, 55, 6, 25, 1, 57, 52, 37, 69, 53, 23, 2, 17, 60, 65, 7, 44, 38, 8, 9, 71, 12, 22, 56, 19, 61, 10, 73, 11, 13, 50, 20, 30, 32, 62, 27, 3, 21, 74, 15, 41, 4, 39, 5, 40, 26, 58, 16, 28, 59, 64, 46, 31, 66, 14, 54, 34, 47, 43, 33, 36 }
     Makespan: 1828
     Alfa Utilizado: 0.1
     Duracao do Algoritmo: 0.139483s

  --> Iteracao: 2
     Conjunto de Jobs:
     C = { 47, 45, 70, 43, 54, 29, 2, 60, 3, 55, 67, 27, 52, 6, 24, 22, 63, 0, 64, 7, 18, 9, 8, 61, 48, 72, 49, 12, 33, 26, 56, 17, 62, 28, 40, 71, 73, 23, 39, 19, 58, 30, 13, 4, 74, 10, 41, 5, 25, 68, 50, 20, 37, 38, 31, 57, 14, 65, 21, 51, 42, 11, 1, 15, 32, 16, 53, 44, 69, 46, 34, 66, 35, 59, 36 }
     Makespan: 1823
     Alfa Utilizado: 0.1
     Duracao do Algoritmo: 0.517461s

  --> Iteracao: 3
     Conjunto de Jobs:
     C = { 35, 44, 42, 72, 52, 37, 51, 64, 6, 74, 57, 12, 53, 41, 47, 70, 63, 50, 69, 49, 54, 61, 13, 48, 40, 71, 73, 23, 65, 10, 17, 46, 11, 66, 29, 2, 60, 39, 43, 68, 0, 7, 18, 8, 22, 3, 55, 67, 26, 56, 45, 27, 58, 19, 28, 33, 4, 30, 5, 25, 1, 9, 14, 62, 15, 31, 24, 20, 32, 38, 21, 34, 16, 59, 36 }
     Makespan: 1825
     Alfa Utilizado: 0.1
     Duracao do Algoritmo: 0.524701s

  --> Iteracao: 4
     Conjunto de Jobs:
     C = { 33, 3, 55, 63, 4, 48, 6, 24, 18, 2, 35, 70, 51, 40, 41, 12, 7, 67, 60, 65, 0, 22, 52, 1, 57, 9, 71, 64, 17, 47, 26, 73, 54, 61, 10, 45, 66, 19, 8, 68, 59, 44, 11, 50, 20, 30, 5, 58, 25, 39, 43, 38, 42, 49, 27, 72, 34, 28, 56, 62, 13, 16, 53, 23, 46, 31, 74, 15, 32, 14, 29, 21, 37, 69, 36 }
     Makespan: 1830
     Alfa Utilizado: 0.1
     Duracao do Algoritmo: 0.167082s

  --> Iteracao: 5
     Conjunto de Jobs:
     C = { 57, 33, 46, 72, 43, 3, 24, 67, 9, 6, 63, 64, 7, 52, 48, 10, 41, 49, 12, 39, 5, 18, 37, 38, 35, 54, 61, 13, 59, 70, 4, 11, 66, 28, 40, 19, 56, 2, 65, 0, 68, 17, 69, 55, 42, 14, 47, 15, 1, 27, 74, 25, 45, 29, 26, 58, 32, 22, 30, 8, 50, 20, 23, 21, 31, 71, 53, 44, 16, 51, 73, 34, 62, 60, 36 }
     Makespan: 1824
     Alfa Utilizado: 0.1
     Duracao do Algoritmo: 0.470582s

  --> Iteracao: 6
     Conjunto de Jobs:
     C = { 20, 3, 24, 67, 26, 58, 41, 18, 0, 42, 9, 51, 29, 33, 37, 48, 72, 69, 47, 62, 71, 21, 38, 74, 17, 61, 23, 2, 73, 6, 14, 35, 34, 57, 32, 12, 1, 4, 59, 44, 55, 13, 50, 7, 60, 10, 30, 5, 25, 39, 46, 19, 8, 28, 40, 54, 43, 66, 70, 15, 31, 56, 16, 53, 11, 49, 68, 45, 63, 64, 65, 27, 22, 52, 36 }
     Makespan: 1823
     Alfa Utilizado: 0.1
     Duracao do Algoritmo: 0.397794s

  --> Iteracao: 7
     Conjunto de Jobs:
     C = { 28, 40, 69, 43, 12, 22, 63, 54, 29, 26, 64, 17, 46, 47, 3, 61, 6, 67, 0, 42, 72, 52, 18, 9, 8, 66, 65, 10, 7, 60, 34, 23, 1, 11, 70, 48, 13, 55, 45, 21, 38, 74, 24, 19, 68, 4, 30, 5, 25, 62, 31, 2, 50, 20, 37, 32, 14, 49, 39, 15, 41, 57, 33, 27, 73, 16, 35, 56, 51, 59, 58, 36, 71, 53, 44 }
     Makespan: 1819
     Alfa Utilizado: 0.1
     Duracao do Algoritmo: 0.209147s

  --> Iteracao: 8
     Conjunto de Jobs:
     C = { 45, 3, 24, 18, 37, 48, 40, 33, 63, 64, 57, 32, 22, 52, 1, 2, 60, 65, 72, 69, 43, 21, 74, 17, 38, 56, 9, 6, 67, 59, 70, 47, 13, 50, 66, 35, 27, 41, 71, 14, 42, 15, 51, 73, 34, 10, 30, 16, 53, 44, 11, 49, 12, 46, 55, 0, 7, 20, 23, 5, 25, 39, 28, 26, 8, 68, 4, 29, 31, 62, 19, 61, 54, 58, 36 }
     Makespan: 1826
     Alfa Utilizado: 0.1
     Duracao do Algoritmo: 0.396244s

  --> Iteracao: 9
     Conjunto de Jobs:
     C = { 62, 14, 70, 48, 3, 55, 63, 50, 57, 6, 24, 67, 60, 22, 68, 26, 7, 52, 34, 44, 51, 59, 64, 72, 69, 18, 53, 13, 29, 2, 17, 46, 19, 8, 61, 65, 49, 39, 27, 9, 71, 66, 73, 74, 15, 1, 25, 30, 16, 31, 35, 56, 20, 23, 37, 0, 32, 12, 33, 28, 40, 5, 42, 10, 11, 21, 43, 4, 38, 54, 58, 36, 45, 47, 41 }
     Makespan: 1823
     Alfa Utilizado: 0.1
     Duracao do Algoritmo: 0.306224s

  --> Iteracao: 10
     Conjunto de Jobs:
     C = { 33, 31, 69, 72, 43, 4, 11, 25, 32, 12, 38, 56, 2, 37, 51, 29, 64, 58, 27, 3, 24, 28, 52, 62, 13, 55, 0, 6, 14, 70, 67, 17, 61, 9, 63, 50, 73, 34, 66, 65, 10, 7, 60, 15, 1, 48, 35, 46, 47, 41, 49, 39, 42, 18, 8, 68, 26, 19, 16, 22, 45, 71, 21, 57, 20, 30, 5, 59, 53, 44, 40, 23, 54, 74, 36 }
     Makespan: 1828
     Alfa Utilizado: 0.1
     Duracao do Algoritmo: 0.499763s


 --> Melhor Makespan Obtido: 1819
 --> Media dos Makespans Obtidos: 1824.9
 --> Media da Duracao Total das Iteracoes: 0.362848s
