 * Resultados Obtidos nas 10 Iteracoes: 

  --> Iteracao: 1
     Conjunto de Jobs:
     C = { 32, 47, 44, 65, 60, 52, 33, 29, 67, 0, 6, 63, 64, 57, 9, 62, 70, 37, 17, 38, 74, 1, 35, 18, 7, 55, 42, 49, 12, 22, 45, 13, 61, 54, 2, 50, 51, 39, 10, 41, 26, 56, 19, 8, 40, 24, 20, 23, 21, 66, 30, 27, 31, 59, 3, 46, 69, 11, 68, 4, 14, 43, 28, 5, 15, 58, 16, 53, 71, 73, 72, 34, 48, 25, 36 }
     Makespan: 2208
     Alfa Utilizado: 0.1
     Duracao do Algoritmo: 0.239926s

  --> Iteracao: 2
     Conjunto de Jobs:
     C = { 44, 40, 54, 43, 48, 12, 69, 42, 72, 9, 33, 63, 70, 51, 60, 3, 57, 29, 59, 4, 41, 5, 74, 10, 46, 38, 23, 67, 47, 62, 71, 37, 52, 6, 20, 61, 22, 45, 7, 55, 65, 27, 1, 2, 17, 64, 24, 35, 18, 8, 66, 30, 13, 14, 53, 31, 26, 56, 19, 28, 39, 15, 32, 49, 68, 50, 73, 58, 11, 21, 0, 34, 16, 25, 36 }
     Makespan: 2212
     Alfa Utilizado: 0.1
     Duracao do Algoritmo: 0.0356785s

  --> Iteracao: 3
     Conjunto de Jobs:
     C = { 39, 3, 61, 55, 63, 4, 24, 2, 50, 51, 65, 18, 0, 22, 12, 38, 23, 17, 60, 52, 1, 9, 48, 6, 54, 62, 56, 19, 58, 7, 44, 69, 26, 64, 57, 29, 67, 27, 66, 5, 42, 68, 25, 30, 46, 31, 13, 28, 40, 45, 41, 32, 14, 43, 33, 20, 74, 15, 49, 34, 16, 35, 70, 21, 37, 10, 36, 8, 47, 71, 53, 11, 73, 72, 59 }
     Makespan: 2204
     Alfa Utilizado: 0.1
     Duracao do Algoritmo: 0.462877s

  --> Iteracao: 4
     Conjunto de Jobs:
     C = { 32, 3, 24, 67, 0, 70, 35, 27, 41, 47, 45, 57, 6, 63, 55, 2, 17, 64, 65, 60, 73, 30, 61, 9, 51, 42, 72, 52, 1, 48, 12, 7, 44, 69, 59, 74, 10, 46, 66, 22, 8, 40, 18, 37, 13, 29, 4, 11, 71, 38, 23, 14, 49, 39, 54, 15, 58, 16, 53, 62, 31, 26, 56, 20, 50, 21, 33, 28, 34, 5, 19, 68, 25, 36, 43 }
     Makespan: 2204
     Alfa Utilizado: 0.1
     Duracao do Algoritmo: 0.593786s

  --> Iteracao: 5
     Conjunto de Jobs:
     C = { 31, 3, 38, 44, 54, 43, 4, 12, 35, 18, 9, 6, 63, 70, 47, 26, 7, 52, 0, 15, 24, 67, 60, 10, 22, 8, 61, 48, 72, 69, 2, 73, 1, 25, 5, 51, 29, 46, 55, 13, 50, 20, 74, 17, 62, 14, 65, 57, 32, 49, 59, 41, 37, 19, 40, 23, 39, 28, 56, 16, 66, 58, 30, 27, 42, 68, 45, 71, 53, 64, 34, 11, 21, 33, 36 }
     Makespan: 2204
     Alfa Utilizado: 0.1
     Duracao do Algoritmo: 0.535383s

  --> Iteracao: 6
     Conjunto de Jobs:
     C = { 35, 25, 2, 17, 38, 54, 18, 9, 3, 55, 48, 10, 64, 72, 42, 11, 66, 19, 68, 59, 74, 24, 20, 50, 21, 57, 12, 69, 53, 13, 16, 60, 52, 5, 40, 71, 22, 73, 6, 63, 29, 26, 7, 23, 62, 27, 8, 28, 47, 30, 61, 44, 65, 49, 51, 31, 56, 45, 41, 32, 14, 43, 33, 46, 34, 0, 15, 1, 58, 36, 67, 37, 70, 4, 39 }
     Makespan: 2209
     Alfa Utilizado: 0.1
     Duracao do Algoritmo: 0.161098s

  --> Iteracao: 7
     Conjunto de Jobs:
     C = { 1, 48, 27, 9, 3, 57, 6, 67, 43, 68, 41, 26, 7, 55, 63, 70, 45, 72, 52, 37, 10, 17, 64, 65, 29, 2, 69, 59, 4, 38, 74, 54, 42, 35, 5, 51, 60, 22, 71, 66, 23, 47, 13, 61, 28, 40, 18, 0, 14, 53, 62, 15, 24, 19, 56, 50, 58, 25, 30, 46, 44, 11, 21, 31, 39, 32, 49, 12, 33, 8, 73, 34, 16, 20, 36 }
     Makespan: 2207
     Alfa Utilizado: 0.1
     Duracao do Algoritmo: 0.186333s

  --> Iteracao: 8
     Conjunto de Jobs:
     C = { 43, 3, 61, 9, 51, 60, 27, 42, 25, 62, 18, 72, 52, 22, 12, 53, 6, 63, 55, 7, 0, 70, 47, 74, 1, 48, 10, 41, 4, 29, 67, 5, 54, 2, 65, 19, 64, 57, 69, 11, 66, 44, 40, 71, 68, 30, 13, 21, 24, 17, 46, 31, 26, 23, 14, 49, 32, 37, 38, 8, 28, 33, 20, 50, 73, 34, 39, 15, 56, 16, 35, 59, 36, 45, 58 }
     Makespan: 2211
     Alfa Utilizado: 0.1
     Duracao do Algoritmo: 0.497391s

  --> Iteracao: 9
     Conjunto de Jobs:
     C = { 47, 41, 61, 55, 63, 4, 24, 22, 52, 5, 42, 9, 6, 25, 48, 13, 64, 7, 60, 51, 65, 29, 67, 0, 32, 12, 69, 53, 54, 14, 56, 62, 15, 58, 50, 66, 23, 1, 57, 2, 17, 8, 68, 59, 3, 26, 11, 49, 19, 28, 40, 71, 38, 34, 39, 10, 30, 44, 21, 43, 73, 72, 37, 74, 18, 16, 20, 46, 31, 35, 70, 45, 27, 33, 36 }
     Makespan: 2206
     Alfa Utilizado: 0.1
     Duracao do Algoritmo: 0.587819s

  --> Iteracao: 10
     Conjunto de Jobs:
     C = { 65, 29, 59, 70, 47, 45, 21, 38, 54, 61, 55, 6, 24, 22, 56, 60, 0, 64, 72, 52, 48, 12, 69, 49, 7, 18, 8, 9, 51, 42, 25, 71, 66, 30, 2, 17, 62, 19, 68, 27, 63, 35, 13, 73, 1, 37, 10, 41, 4, 74, 28, 5, 39, 43, 32, 50, 57, 14, 53, 44, 31, 40, 33, 36, 15, 58, 16, 20, 46, 34, 23, 67, 26, 11, 3 }
     Makespan: 2204
     Alfa Utilizado: 0.1
     Duracao do Algoritmo: 0.319826s


 --> Melhor Makespan Obtido: 2204
 --> Media dos Makespans Obtidos: 2206.9
 --> Media da Duracao Total das Iteracoes: 0.362012s
