 * Resultados Obtidos nas 10 Iteracoes: 

  --> Iteracao: 1
     Conjunto de Jobs:
     C = { 45, 72, 9, 0, 6, 74, 69, 2, 60, 10, 17, 38, 47, 3, 57, 29, 48, 40, 71, 22, 18, 73, 23, 1, 11, 70, 19, 64, 7, 67, 59, 4, 24, 63, 54, 61, 55, 13, 41, 66, 27, 31, 62, 56, 5, 51, 42, 32, 12, 25, 68, 50, 20, 37, 52, 33, 30, 14, 43, 21, 26, 58, 8, 28, 34, 39, 15, 65, 53, 44, 16, 35, 46, 49, 36 }
     Makespan: 2206
     Alfa Utilizado: 0.1
     Duracao do Algoritmo: 0.117158s

  --> Iteracao: 2
     Conjunto de Jobs:
     C = { 11, 48, 40, 35, 70, 72, 43, 12, 64, 57, 6, 24, 22, 3, 46, 47, 74, 69, 59, 7, 60, 0, 71, 66, 29, 2, 50, 13, 61, 44, 14, 62, 55, 67, 17, 9, 51, 42, 18, 8, 53, 4, 41, 63, 15, 65, 10, 38, 16, 25, 5, 19, 33, 27, 1, 37, 52, 20, 23, 21, 26, 58, 31, 39, 73, 30, 32, 49, 34, 28, 56, 54, 68, 45, 36 }
     Makespan: 2206
     Alfa Utilizado: 0.1
     Duracao do Algoritmo: 0.261663s

  --> Iteracao: 3
     Conjunto de Jobs:
     C = { 47, 3, 38, 44, 54, 63, 35, 72, 52, 62, 6, 24, 25, 45, 51, 29, 4, 11, 70, 46, 55, 60, 22, 12, 69, 53, 23, 2, 65, 27, 41, 37, 7, 67, 68, 1, 48, 8, 61, 9, 0, 71, 73, 30, 5, 18, 39, 10, 17, 14, 49, 42, 15, 31, 26, 56, 16, 50, 13, 28, 40, 19, 32, 43, 33, 20, 74, 64, 59, 21, 66, 34, 57, 58, 36 }
     Makespan: 2207
     Alfa Utilizado: 0.1
     Duracao do Algoritmo: 0.386087s

  --> Iteracao: 4
     Conjunto de Jobs:
     C = { 47, 3, 57, 12, 22, 72, 43, 54, 18, 9, 45, 41, 69, 70, 4, 35, 24, 63, 34, 0, 6, 67, 17, 64, 65, 19, 71, 73, 27, 74, 25, 1, 2, 60, 10, 38, 23, 66, 5, 51, 29, 26, 52, 68, 28, 55, 13, 61, 44, 40, 48, 11, 46, 49, 7, 20, 30, 62, 14, 53, 31, 56, 42, 15, 32, 37, 33, 8, 39, 21, 50, 58, 16, 59, 36 }
     Makespan: 2204
     Alfa Utilizado: 0.1
     Duracao do Algoritmo: 0.47952s

  --> Iteracao: 5
     Conjunto de Jobs:
     C = { 34, 6, 24, 67, 60, 40, 7, 29, 2, 45, 63, 54, 61, 22, 3, 38, 8, 25, 62, 18, 37, 0, 64, 59, 65, 19, 66, 70, 51, 42, 9, 43, 12, 1, 48, 10, 17, 4, 11, 13, 16, 20, 39, 5, 41, 27, 72, 26, 21, 46, 69, 47, 28, 56, 55, 14, 49, 68, 30, 44, 31, 71, 53, 23, 73, 74, 15, 58, 32, 50, 57, 52, 35, 33, 36 }
     Makespan: 2209
     Alfa Utilizado: 0.1
     Duracao do Algoritmo: 0.654088s

  --> Iteracao: 6
     Conjunto de Jobs:
     C = { 60, 51, 6, 54, 35, 55, 2, 15, 52, 62, 18, 53, 3, 19, 50, 56, 45, 70, 67, 43, 4, 48, 72, 0, 22, 63, 64, 20, 23, 37, 69, 46, 49, 7, 5, 42, 11, 71, 9, 8, 68, 1, 57, 29, 21, 26, 12, 39, 73, 74, 17, 38, 47, 13, 28, 40, 24, 10, 30, 14, 65, 33, 31, 59, 41, 32, 66, 27, 58, 25, 34, 44, 16, 61, 36 }
     Makespan: 2204
     Alfa Utilizado: 0.1
     Duracao do Algoritmo: 0.416307s

  --> Iteracao: 7
     Conjunto de Jobs:
     C = { 1, 35, 54, 15, 9, 3, 57, 2, 20, 50, 69, 70, 72, 59, 64, 17, 47, 45, 71, 66, 73, 34, 16, 63, 24, 67, 43, 12, 25, 68, 41, 4, 74, 18, 60, 65, 49, 51, 42, 10, 22, 53, 31, 52, 37, 7, 56, 5, 19, 29, 48, 8, 40, 23, 44, 11, 13, 14, 62, 32, 27, 6, 26, 58, 30, 39, 61, 28, 33, 46, 55, 38, 21, 0, 36 }
     Makespan: 2208
     Alfa Utilizado: 0.1
     Duracao do Algoritmo: 0.314959s

  --> Iteracao: 8
     Conjunto de Jobs:
     C = { 34, 48, 27, 3, 61, 55, 2, 60, 40, 4, 0, 42, 18, 37, 35, 70, 72, 9, 45, 71, 64, 17, 46, 10, 29, 16, 15, 19, 50, 22, 73, 1, 57, 6, 74, 24, 47, 43, 66, 65, 49, 7, 67, 68, 51, 59, 62, 30, 63, 25, 41, 12, 8, 39, 26, 23, 11, 13, 28, 52, 14, 53, 31, 56, 20, 32, 38, 21, 44, 69, 33, 5, 54, 58, 36 }
     Makespan: 2204
     Alfa Utilizado: 0.1
     Duracao do Algoritmo: 0.082496s

  --> Iteracao: 9
     Conjunto de Jobs:
     C = { 57, 12, 35, 44, 23, 37, 38, 70, 67, 0, 28, 33, 54, 63, 64, 72, 9, 48, 10, 22, 74, 69, 47, 3, 46, 55, 65, 60, 51, 59, 21, 56, 17, 52, 6, 26, 2, 71, 66, 58, 7, 73, 61, 42, 18, 53, 4, 11, 40, 5, 27, 31, 45, 13, 29, 14, 43, 68, 30, 8, 50, 19, 49, 24, 34, 39, 15, 41, 32, 16, 62, 1, 25, 36, 20 }
     Makespan: 2209
     Alfa Utilizado: 0.1
     Duracao do Algoritmo: 0.403115s

  --> Iteracao: 10
     Conjunto de Jobs:
     C = { 35, 70, 67, 60, 40, 54, 61, 55, 63, 34, 57, 62, 1, 25, 32, 19, 56, 7, 18, 9, 8, 3, 24, 22, 30, 48, 10, 29, 26, 58, 47, 64, 72, 0, 49, 12, 53, 4, 59, 65, 33, 27, 39, 41, 5, 45, 13, 50, 20, 37, 17, 38, 21, 51, 42, 14, 2, 15, 44, 11, 16, 28, 52, 46, 31, 68, 69, 43, 23, 66, 71, 73, 6, 74, 36 }
     Makespan: 2205
     Alfa Utilizado: 0.1
     Duracao do Algoritmo: 0.669772s


 --> Melhor Makespan Obtido: 2204
 --> Media dos Makespans Obtidos: 2206.2
 --> Media da Duracao Total das Iteracoes: 0.378516s
