R=100
Pi=(12,11,14,17,16,14,13,19,11,16,10,12,13,19,16,16,12,16,17,17,19,10,11,13,17,11,17,13,18,18,15,17,16,10,19,18,18,10,15,15,12,19,16,13,14,16,16,14,12,13,15,11,13,16,13,11,19,10,19,14,16,10,11,12,10,13,15,13,19,18,17,12,11,11,14,19,14,17,19,11,14,13,10,14,13,13,13,10,16,18,18,17,10,10,18,12,18,14,13,11)
A=
1,2,24
2,3,0
3,4,21
4,5,23
5,6,0
6,7,0
8,10,27
16,17,0
17,18,0
18,19,0
19,20,0
20,21,0
21,22,37
22,23,37
24,25,0
25,26,0
26,27,38
27,28,0
28,29,20
29,30,0
31,32,0
32,34,0
34,36,0
38,39,0
39,40,0
40,41,0
41,42,0
42,44,20
45,46,38
46,47,26
47,48,0
48,49,20
50,51,21
51,53,32
53,58,0
62,63,29
66,67,34
67,70,0
73,74,0
76,78,32
78,80,0
80,82,31
81,83,24
83,85,21
85,87,34
86,88,20
87,89,21
88,90,0
96,98,24
97,99,32
Sij=
0,10,11,13,12,10,10,11,14,12,12,12,12,10,12,12,13,10,12,12,12,12,13,11,11,12,12,13,11,13,13,12,14,14,12,10,13,13,12,12,11,12,13,13,10,13,11,14,10,14,12,11,11,13,11,10,11,14,12,14,12,11,14,10,13,14,13,13,12,12,13,14,13,10,11,10,14,10,11,12,11,12,13,11,11,11,11,10,12,11,13,14,11,12,14,14,13,13,14,10
14,0,13,11,12,11,12,13,10,12,11,10,10,13,14,13,10,12,12,13,12,13,13,10,11,13,14,13,10,11,11,11,11,11,10,13,12,11,10,10,14,13,10,12,11,11,13,10,12,14,14,12,10,14,11,11,11,12,10,14,11,14,12,13,11,14,13,14,12,11,10,13,12,12,13,14,12,10,14,14,10,13,11,11,12,14,11,11,14,13,11,10,11,11,13,14,10,11,10,11
12,13,0,12,10,13,10,14,13,10,12,13,10,13,10,13,13,13,10,11,12,13,12,14,14,14,10,12,10,13,14,13,11,14,12,12,11,11,10,12,11,14,12,10,12,14,11,12,10,12,10,11,14,10,13,13,10,14,13,11,13,13,14,14,11,14,12,10,10,13,12,11,13,13,14,12,10,11,12,14,13,13,11,13,13,12,13,10,11,14,12,11,12,14,14,13,10,12,13,12
12,10,11,0,12,14,13,13,11,10,10,13,13,12,14,12,10,12,10,11,14,10,12,14,11,11,10,14,13,13,11,12,12,13,14,11,12,11,13,14,14,14,12,14,10,11,13,14,13,11,14,11,14,11,14,12,10,11,10,11,13,14,14,13,14,13,10,10,13,12,10,13,13,11,12,10,13,12,14,10,12,11,10,12,13,10,12,11,13,11,11,10,11,12,10,14,14,13,10,11
10,13,10,10,0,10,10,12,13,13,13,14,12,12,14,14,12,13,11,14,14,10,14,11,11,10,10,12,11,11,12,10,14,12,12,14,13,10,10,12,12,12,14,12,14,12,13,12,11,12,13,10,12,13,10,11,11,12,14,14,10,13,10,12,11,12,14,10,10,14,10,11,13,14,12,11,11,11,11,14,11,12,10,13,12,11,13,10,11,11,13,10,11,10,11,13,12,11,10,11
12,13,12,11,11,0,11,12,13,11,14,14,14,11,14,13,13,13,11,14,10,14,13,14,14,11,10,14,13,12,13,14,10,10,14,11,13,14,14,11,11,14,14,13,12,11,13,14,11,12,13,10,10,11,10,12,14,14,13,10,11,12,13,10,13,10,14,13,11,13,14,13,14,14,13,11,14,10,12,12,12,10,12,11,13,12,13,13,10,12,12,14,11,13,10,13,10,14,14,12
12,14,12,13,12,14,0,11,10,13,14,12,13,12,10,12,11,14,12,11,11,11,10,13,14,11,10,12,10,14,14,10,10,10,14,10,12,12,14,13,13,10,12,14,10,14,13,12,11,10,14,14,12,12,13,10,11,11,13,12,12,12,11,11,13,13,11,13,12,14,10,13,10,14,13,11,13,10,13,14,12,12,10,14,10,10,13,13,12,14,14,11,14,11,10,11,13,11,11,11
13,14,10,11,10,10,13,0,13,14,11,11,10,13,13,14,14,11,12,10,13,10,13,11,12,10,13,13,14,13,12,13,11,14,11,11,12,12,14,13,14,12,14,14,10,12,13,13,11,11,10,14,11,10,13,10,10,12,12,10,12,12,14,10,12,13,10,10,11,12,11,12,12,13,11,10,11,13,10,10,12,10,12,12,12,12,11,10,11,11,10,10,10,13,11,12,13,14,12,12
12,12,12,13,14,13,11,12,0,14,12,14,11,11,12,13,11,14,11,12,14,11,14,14,10,11,11,12,13,11,14,12,11,11,13,12,14,13,13,13,13,10,14,11,14,12,14,13,12,10,10,12,12,11,13,11,13,13,12,12,12,11,13,10,10,10,12,10,13,14,13,13,10,13,13,13,12,12,10,13,12,13,14,13,11,11,10,10,13,12,14,11,11,11,10,12,12,13,11,14
14,13,14,13,11,11,11,13,13,0,14,13,10,13,14,10,13,11,14,14,13,14,12,12,11,14,12,11,14,12,11,10,14,11,11,13,13,14,11,12,14,14,11,12,13,13,14,12,12,11,11,10,12,14,12,14,12,11,13,13,13,10,12,11,11,13,14,13,12,10,11,14,10,12,14,13,13,14,13,12,10,10,14,13,10,10,13,14,13,11,10,12,10,12,13,14,11,14,10,14
13,10,10,11,14,12,10,14,10,14,0,10,12,12,10,13,13,10,14,10,11,10,14,10,10,14,14,13,13,14,14,11,13,14,13,13,14,10,13,13,12,14,13,14,14,11,13,14,14,13,10,14,12,13,13,14,13,10,14,11,14,13,12,10,10,12,11,12,13,12,14,12,12,10,13,11,11,10,11,14,11,14,13,14,13,14,14,14,11,14,10,13,10,11,13,14,12,12,13,11
14,10,10,12,14,12,12,11,10,11,12,0,13,14,14,14,10,14,12,12,11,13,12,11,14,12,10,11,10,11,14,14,13,11,14,10,11,13,11,10,10,12,12,14,14,11,11,14,10,11,13,14,10,10,12,13,12,14,11,10,13,10,11,10,11,12,14,12,10,14,13,11,13,12,11,13,10,13,11,13,10,11,11,14,12,10,14,13,13,10,12,12,12,10,11,10,11,12,12,12
12,13,13,11,13,12,10,12,14,14,13,14,0,12,12,14,11,14,11,12,11,13,10,13,10,12,11,13,12,10,11,11,12,10,13,11,11,13,14,11,10,14,11,13,14,11,13,14,10,10,10,10,14,10,10,14,11,10,13,13,11,13,12,11,13,12,10,13,14,10,13,13,14,10,11,11,11,11,14,13,13,11,13,12,10,10,11,12,10,14,10,11,14,11,14,11,12,10,10,12
11,14,10,14,12,11,10,14,13,13,13,14,11,0,10,10,14,10,10,10,12,10,13,13,14,10,11,13,13,11,14,14,11,11,11,12,13,11,14,14,14,14,12,13,11,10,10,10,14,10,14,11,12,14,12,11,13,11,10,14,10,12,12,13,13,13,12,13,14,13,11,13,11,10,11,13,13,14,12,14,14,11,14,13,11,13,12,11,13,10,14,12,11,10,13,11,12,14,14,12
13,12,10,11,13,11,10,11,13,14,13,13,14,11,0,14,14,13,14,11,10,11,11,14,14,13,14,12,11,11,14,10,13,10,14,10,12,10,12,14,10,13,10,12,14,11,10,12,14,10,14,13,13,12,14,10,12,12,11,12,14,13,14,10,14,13,14,13,14,10,12,13,10,14,11,12,10,13,10,12,13,11,12,10,11,11,12,11,10,13,13,14,13,10,10,11,14,10,13,10
11,12,13,14,12,11,12,13,11,12,10,14,11,14,14,0,12,11,13,13,12,11,13,12,10,12,12,14,10,14,14,13,10,14,10,11,10,13,13,12,10,13,13,14,13,13,13,12,14,10,12,14,10,12,10,14,12,10,12,11,10,11,11,14,12,14,14,14,11,13,13,14,13,10,12,13,12,14,13,11,13,10,10,10,11,14,12,12,13,11,13,10,10,11,12,14,12,14,12,14
13,14,10,11,11,13,11,14,10,11,11,13,11,10,12,14,0,10,11,12,12,11,12,10,10,10,13,13,11,13,12,11,13,11,14,13,14,14,14,13,13,13,13,12,11,14,14,13,14,13,12,13,10,11,14,12,11,13,10,11,13,14,14,11,12,10,12,11,12,12,13,14,11,13,14,14,13,10,14,10,10,10,14,13,10,13,11,12,12,11,11,11,14,13,14,13,13,12,14,11
12,12,10,11,10,13,12,11,12,14,14,11,14,14,10,13,10,0,11,10,13,13,10,14,11,11,12,10,13,13,10,10,11,10,12,13,13,14,12,12,12,11,14,14,12,12,10,11,10,12,11,13,12,11,10,12,12,13,14,10,12,12,13,13,11,13,12,10,11,11,12,14,12,13,13,12,14,10,12,13,10,10,10,10,12,12,13,10,10,10,11,10,14,11,10,14,12,11,12,13
14,14,10,14,10,12,10,13,13,13,12,11,10,10,14,12,12,12,0,10,14,10,12,10,11,14,12,14,11,13,13,14,13,13,13,14,10,10,10,10,10,11,14,12,11,12,14,14,13,12,12,12,10,10,12,13,11,14,13,14,13,12,14,10,14,14,14,13,12,11,13,11,11,12,10,13,10,10,13,14,14,12,10,13,10,11,14,13,10,10,12,11,11,11,11,12,12,13,12,12
12,11,12,12,13,10,10,12,10,14,12,10,11,14,14,10,11,10,10,0,12,10,11,12,11,13,12,14,10,10,12,11,11,13,11,11,13,10,12,10,14,11,11,12,10,13,12,10,12,11,11,11,11,13,14,12,11,13,10,14,11,10,10,12,13,13,10,12,14,12,11,10,13,10,10,11,13,13,12,12,11,12,12,13,14,11,10,12,13,13,10,14,14,13,13,13,11,14,14,12
12,14,10,10,10,11,12,10,13,12,13,12,11,12,13,14,13,11,13,11,0,13,12,14,11,12,11,10,10,11,11,10,14,14,14,10,11,11,11,13,12,14,14,14,10,10,12,12,12,14,14,14,14,10,12,14,14,14,14,12,13,11,11,13,11,11,13,13,12,12,11,12,11,13,10,12,13,13,13,10,10,13,13,11,12,11,11,13,11,14,10,12,12,14,14,11,12,10,12,13
11,13,10,14,12,12,13,11,10,14,11,11,10,13,12,14,12,10,11,14,10,0,10,11,12,12,14,14,12,13,13,10,12,10,14,14,11,13,13,13,10,13,14,13,12,13,13,11,14,11,14,13,12,14,12,13,11,11,12,12,12,12,10,13,12,14,13,10,10,13,11,11,14,11,11,11,11,12,14,14,13,13,10,10,13,14,12,13,12,11,13,14,10,11,10,12,12,11,10,12
14,13,10,10,10,13,14,10,13,11,12,14,12,12,14,14,11,14,10,12,11,10,0,13,14,10,11,11,13,11,13,13,10,11,12,10,10,13,14,10,10,14,12,10,10,14,14,12,12,11,11,11,13,10,12,10,14,14,10,10,14,12,11,14,14,13,11,12,10,12,14,10,11,14,10,13,14,14,12,14,11,14,13,11,14,12,10,14,13,11,10,10,12,14,10,12,13,12,10,12
12,11,12,14,12,10,14,13,10,14,11,10,11,11,14,10,13,10,14,12,13,12,14,0,13,12,13,13,12,13,12,10,11,14,10,11,10,11,13,13,13,12,11,13,14,14,10,13,11,10,10,14,12,12,13,14,14,11,13,12,13,12,11,14,13,14,14,10,11,14,14,13,10,11,11,14,11,14,14,14,12,10,11,12,13,13,12,13,11,10,12,13,13,11,10,11,10,12,14,10
14,14,11,11,10,12,13,11,11,13,12,10,12,14,10,12,10,14,11,10,11,11,14,11,0,12,11,10,13,10,14,14,14,10,14,14,12,13,14,11,11,14,11,11,12,13,11,10,13,11,12,10,11,10,14,13,13,14,10,14,14,12,10,10,12,13,13,10,12,10,12,13,11,13,10,10,10,14,11,13,10,10,11,12,13,14,13,13,10,11,10,13,13,10,11,14,14,11,14,14
14,11,13,13,13,13,14,12,10,13,13,14,12,11,14,14,10,12,11,12,10,14,14,11,10,0,14,10,10,11,10,11,14,14,12,13,13,11,13,14,14,10,10,12,12,12,10,10,11,10,12,13,11,14,12,13,10,12,11,13,14,13,13,11,14,11,14,10,14,13,10,12,12,13,12,11,10,12,11,13,14,13,13,14,14,12,14,14,11,14,13,10,14,10,14,11,12,13,12,11
13,10,10,13,10,14,11,13,12,10,12,12,11,13,13,10,14,13,12,12,11,14,13,10,10,10,0,12,12,13,10,14,11,14,10,10,13,13,14,14,14,11,10,12,10,11,10,14,11,11,14,11,13,11,10,14,14,11,10,13,10,12,14,10,11,11,10,13,10,13,14,11,14,13,13,11,11,11,12,13,14,10,10,10,13,13,10,10,14,11,10,12,13,11,14,11,11,10,11,14
11,12,13,13,11,12,11,10,12,13,13,13,13,11,13,14,11,13,12,12,10,14,13,14,12,12,13,0,13,13,11,14,10,14,12,12,12,12,12,14,10,12,10,12,10,13,12,13,11,12,10,10,13,13,13,14,11,13,13,10,13,14,13,11,11,14,12,13,10,14,10,12,13,14,11,10,10,11,13,11,10,14,12,10,13,11,11,12,11,13,11,14,13,12,10,11,13,13,11,11
10,14,12,11,12,13,11,13,11,13,13,14,10,11,10,14,11,12,13,10,12,14,11,12,13,11,13,11,0,13,14,11,11,10,11,11,11,12,10,13,14,14,12,10,12,10,11,14,11,11,11,14,11,10,11,13,10,12,10,13,10,10,10,14,11,12,11,14,13,10,14,12,10,14,13,10,10,14,13,11,11,12,11,14,12,10,10,11,13,12,10,13,11,12,12,14,13,12,13,10
13,12,10,10,12,14,14,11,11,10,13,11,13,13,11,13,13,10,12,11,11,14,10,10,10,10,10,12,11,0,13,11,12,10,13,13,14,11,10,11,13,10,13,10,12,14,14,10,13,11,14,11,13,10,11,14,13,12,10,10,12,14,11,14,12,13,10,10,10,14,12,12,12,13,13,11,12,14,12,11,11,10,11,11,12,12,13,12,13,14,10,11,11,10,14,14,14,14,12,13
14,13,10,14,14,11,14,14,11,10,11,13,14,13,14,11,12,10,11,10,10,13,11,11,14,10,11,12,14,14,0,11,13,11,13,11,12,10,12,11,10,13,14,10,12,12,11,12,12,10,13,11,13,12,12,13,11,11,13,10,13,10,11,14,12,14,13,12,10,12,12,11,10,13,10,12,10,12,14,13,12,13,14,11,11,12,12,10,14,10,10,10,11,12,13,10,11,14,12,13
14,14,11,14,13,11,11,10,12,10,13,13,12,10,12,10,11,14,13,10,11,12,12,10,11,11,10,13,10,10,10,0,10,10,10,13,13,11,14,13,14,11,12,12,13,11,12,13,10,14,12,14,11,10,12,12,11,11,11,13,12,10,12,10,11,14,13,13,12,11,13,13,11,11,14,14,14,14,13,13,13,12,14,13,12,11,14,14,12,12,12,11,10,10,11,13,13,12,11,14
13,14,10,14,11,13,12,10,11,13,13,11,12,12,10,14,11,14,12,10,10,13,10,14,13,11,13,11,14,10,11,11,0,13,14,10,14,12,10,12,14,13,14,12,14,14,10,14,12,10,12,12,14,14,10,14,14,13,11,10,14,14,11,10,11,12,11,12,13,12,10,11,11,11,12,12,11,10,11,10,13,12,11,10,12,12,11,12,13,10,10,10,10,14,13,14,12,14,11,12
13,13,11,10,14,10,11,12,12,12,13,13,12,11,12,11,13,10,12,13,10,14,13,12,11,10,10,11,12,13,14,11,14,0,13,12,10,11,10,10,12,11,14,10,10,12,11,12,14,12,12,10,12,11,12,12,13,14,13,13,14,14,14,14,13,13,11,14,14,14,12,14,12,14,10,11,10,14,13,14,14,12,11,14,10,12,12,10,11,11,13,11,13,12,11,12,12,14,11,12
11,12,13,10,10,12,13,12,11,10,11,14,11,13,13,11,13,10,13,10,10,11,12,12,10,10,11,10,12,12,14,11,12,10,0,13,11,14,10,13,12,14,10,13,10,10,13,10,14,13,14,14,11,10,10,12,10,10,10,14,14,11,12,14,13,11,10,11,10,14,11,12,13,11,11,11,10,12,11,12,12,10,11,12,13,13,13,10,12,12,13,11,13,10,14,11,12,10,10,14
10,11,14,14,11,11,11,10,14,14,12,13,13,12,12,13,14,10,11,10,12,14,14,13,11,10,14,12,11,14,14,14,12,12,12,0,10,11,12,10,11,11,13,10,12,14,10,12,10,12,11,11,11,14,14,11,10,12,10,12,11,12,13,13,10,10,13,11,11,14,12,11,12,14,14,13,14,13,11,13,11,12,13,10,10,12,12,10,12,10,12,13,11,14,14,14,13,14,10,12
11,13,11,10,10,14,14,12,14,11,11,11,10,11,11,13,13,13,12,12,13,12,13,11,12,14,10,13,14,10,10,10,12,14,12,12,0,10,13,14,11,13,14,10,10,13,10,12,14,13,10,10,14,12,13,14,13,10,10,13,10,14,11,12,13,11,11,14,10,14,13,13,10,13,11,13,13,11,12,12,12,11,10,14,14,14,10,13,14,10,13,12,10,14,14,11,12,12,11,14
11,11,11,10,14,12,10,11,10,14,10,12,12,12,11,14,13,11,13,14,10,13,14,10,11,10,12,10,14,14,11,11,14,13,10,10,14,0,10,10,11,14,13,12,14,14,11,10,13,13,14,12,11,14,12,13,13,11,11,13,13,10,14,11,10,13,14,12,14,11,10,14,13,10,11,14,11,11,10,11,10,10,13,12,14,12,14,11,11,14,12,14,13,11,11,11,14,11,11,10
10,13,11,11,13,10,14,10,12,13,12,12,11,10,13,13,11,12,12,13,14,12,10,14,14,10,10,12,14,14,14,14,14,14,11,11,14,12,0,13,14,12,13,13,13,12,10,13,13,12,13,10,12,14,12,11,12,13,11,12,12,14,11,11,13,13,12,12,11,14,12,13,13,13,12,10,10,13,11,12,14,12,12,14,10,14,12,10,12,13,13,12,12,10,11,10,11,12,10,10
10,13,12,14,10,14,11,13,12,11,11,13,12,14,12,10,11,12,10,13,11,11,14,13,10,14,11,13,12,12,14,12,13,11,12,11,10,12,13,0,11,13,13,13,11,12,10,10,13,12,10,13,13,11,12,14,13,13,13,14,11,13,12,11,10,11,13,10,10,11,11,14,13,13,13,14,12,13,13,10,14,13,12,11,11,13,11,10,10,11,13,12,11,13,12,13,11,12,13,14
13,10,14,11,10,11,10,10,12,12,11,14,10,12,14,12,10,10,14,12,10,12,14,14,12,13,13,10,11,10,13,14,10,13,12,14,13,10,10,10,0,13,11,12,12,10,14,12,13,13,14,12,10,12,11,14,11,10,10,13,11,12,14,13,12,13,11,14,11,10,10,14,10,10,14,13,14,14,11,13,13,11,10,11,11,13,13,12,14,14,10,14,12,11,13,12,13,12,10,13
13,10,10,12,13,10,12,14,13,12,14,11,13,11,10,10,12,13,12,13,10,14,14,12,14,11,11,13,11,11,10,12,13,13,10,13,10,12,12,10,10,0,13,13,12,14,14,10,10,11,13,10,10,14,11,13,13,10,13,12,12,14,14,13,12,11,12,12,10,11,11,14,14,10,12,13,11,11,12,13,10,10,10,11,13,10,10,12,12,14,12,13,12,14,10,10,11,10,10,10
11,11,10,14,10,13,10,14,12,13,11,11,13,10,12,12,14,12,10,11,11,10,10,10,13,13,11,10,10,11,11,11,10,11,11,14,10,10,11,14,10,10,0,14,13,12,10,14,12,12,12,11,14,14,14,14,11,10,14,11,12,11,10,14,11,12,10,11,12,13,13,11,13,11,10,10,10,10,12,12,13,13,14,12,12,14,12,11,11,11,10,13,10,14,14,12,10,10,13,11
12,14,12,14,14,10,13,13,13,13,13,10,13,11,12,13,12,12,12,12,14,13,10,10,12,14,11,14,11,13,10,10,11,10,10,14,10,10,13,11,11,13,12,0,12,12,14,14,14,11,10,10,13,13,11,11,13,13,11,11,14,14,14,11,10,13,13,14,13,11,13,13,12,13,10,10,10,11,12,13,13,10,11,12,11,13,12,11,10,13,11,10,13,13,14,11,12,12,11,14
13,10,11,12,12,12,12,14,12,10,10,12,10,13,12,14,13,11,10,12,10,12,13,14,10,13,14,13,13,13,13,13,14,13,14,13,13,13,14,13,10,12,14,14,0,12,13,14,14,11,10,13,10,11,14,13,11,11,11,12,14,12,14,10,13,12,12,12,12,13,14,10,14,11,11,12,12,13,14,11,11,14,14,12,13,10,13,11,10,10,13,11,11,10,10,10,10,12,10,12
10,10,12,11,11,10,14,13,14,12,10,13,12,10,11,14,13,12,12,13,14,10,12,11,10,12,13,13,11,11,11,10,12,11,11,10,11,13,10,13,10,14,11,12,14,0,10,14,11,14,10,12,13,14,12,13,14,12,10,11,13,12,10,12,13,10,14,10,10,14,11,13,14,11,14,12,14,13,10,11,14,13,11,14,10,13,12,11,10,13,11,12,11,12,12,10,10,11,13,11
10,10,14,12,12,12,13,12,10,14,13,11,12,13,11,10,10,11,12,10,12,13,14,11,12,14,12,12,14,13,12,13,10,13,11,14,13,13,11,13,10,10,10,10,10,10,0,14,12,11,12,10,13,14,12,14,11,10,12,14,13,10,10,13,12,12,10,10,14,12,12,11,11,14,13,10,12,13,13,11,12,14,10,11,11,12,13,13,13,14,14,13,10,13,13,13,14,12,13,13
10,10,14,14,13,11,13,14,10,12,11,13,11,11,12,13,10,14,11,14,13,11,12,10,12,13,10,13,10,10,10,14,10,10,11,12,10,10,12,10,14,14,13,10,12,11,11,0,14,11,10,13,14,11,13,14,13,12,13,12,10,11,10,13,14,12,12,13,11,10,14,13,14,12,10,14,14,13,11,13,10,11,10,11,10,12,10,13,11,10,12,14,11,12,11,14,14,10,13,13
10,12,10,13,11,12,13,12,10,14,10,10,10,10,12,14,10,13,13,12,11,13,12,11,12,14,11,12,10,11,10,13,10,13,13,12,10,11,14,13,14,13,13,12,14,12,13,11,0,10,12,14,10,12,10,11,11,10,14,11,11,10,10,11,14,13,11,10,12,12,14,13,13,14,14,12,13,10,10,11,10,11,10,12,13,11,14,11,14,11,11,12,11,10,12,12,13,11,13,13
13,11,11,13,10,14,10,11,12,12,13,11,10,12,10,10,14,13,13,12,14,10,11,10,11,11,11,12,11,12,13,12,11,11,13,14,14,11,11,13,10,13,13,11,12,14,11,13,10,0,11,13,10,12,11,13,12,10,10,12,13,12,13,14,10,13,11,10,13,14,11,11,13,11,10,11,11,11,14,12,11,10,12,12,10,14,13,14,14,12,10,13,14,14,12,10,12,13,13,12
11,14,12,13,13,10,14,14,12,14,12,11,10,12,11,13,10,10,14,11,10,11,10,10,14,12,12,14,13,14,14,12,12,12,11,12,12,13,13,14,14,13,12,10,10,13,12,11,12,13,0,10,11,13,12,11,14,13,12,14,11,13,10,10,12,10,14,13,13,11,13,11,11,12,10,12,12,14,10,10,11,10,10,11,10,13,12,14,10,10,12,14,10,14,12,10,13,13,10,14
10,14,13,10,13,12,14,14,13,14,14,14,12,11,13,11,12,14,10,14,12,10,13,13,13,14,11,11,10,14,14,14,14,10,14,11,11,10,12,12,13,13,10,10,10,12,11,13,11,11,12,0,13,12,10,12,10,11,10,11,14,11,12,14,14,10,10,10,12,12,11,14,12,12,12,10,14,14,12,13,10,13,12,10,13,11,10,11,13,13,14,10,11,13,13,11,10,14,11,14
10,11,13,11,14,11,10,11,14,14,13,10,13,12,10,10,13,11,10,13,10,13,12,13,13,11,13,14,13,11,14,14,13,13,13,14,14,11,11,12,10,14,11,13,10,13,12,14,12,12,13,14,0,14,13,14,11,14,14,13,12,12,11,12,13,10,13,12,14,14,11,10,11,10,12,12,10,12,13,13,14,14,14,11,10,12,10,10,10,13,11,14,14,13,13,14,14,11,12,13
11,10,12,10,10,12,12,13,11,11,13,13,11,11,13,13,13,14,11,11,14,12,12,11,12,12,11,13,11,12,12,14,14,10,12,14,11,14,11,13,10,12,13,13,14,13,13,13,10,10,11,10,14,0,11,13,13,13,11,12,13,11,14,12,14,14,14,14,11,14,14,11,13,12,13,11,12,14,13,11,14,14,12,13,11,10,11,14,12,11,13,10,10,11,12,12,11,14,14,14
10,13,12,14,10,13,13,12,11,10,11,14,14,14,13,14,13,10,10,13,12,14,11,14,10,13,11,11,10,10,14,12,14,13,10,10,11,12,12,12,12,13,13,12,14,13,11,10,12,13,14,10,13,11,0,11,11,12,12,13,12,12,11,12,10,10,13,10,10,13,13,12,10,13,12,11,14,10,13,14,12,12,10,14,11,11,14,13,13,11,14,13,14,14,14,10,10,10,12,11
11,13,10,12,14,11,13,11,10,10,12,10,13,12,11,10,11,12,11,14,11,14,11,14,14,10,12,11,13,12,10,13,13,12,13,13,12,13,14,14,12,12,12,13,14,13,10,11,12,14,13,13,14,12,10,0,11,11,11,12,14,13,12,13,13,14,13,12,11,14,13,13,13,12,11,12,13,12,13,14,10,10,11,14,14,13,11,14,10,11,11,11,10,10,10,11,10,14,13,13
10,11,14,12,14,11,14,11,12,10,11,14,13,11,11,14,12,12,13,10,13,14,11,14,12,11,12,13,12,10,11,14,13,14,14,14,11,13,14,12,13,10,12,14,10,12,13,14,13,11,14,12,10,13,10,11,0,14,14,10,12,14,11,13,11,14,12,11,13,12,12,13,13,13,11,11,13,11,11,14,10,13,12,14,10,11,13,13,14,14,13,14,11,13,12,13,11,11,10,10
13,10,14,12,11,13,10,14,14,11,11,14,13,10,10,14,11,12,13,14,10,13,12,14,14,13,11,14,10,12,10,11,11,10,10,14,14,10,12,12,11,14,14,12,12,13,11,10,13,12,12,14,13,10,10,14,13,0,10,13,13,11,11,13,12,11,10,12,12,14,10,10,11,14,10,13,10,14,14,11,10,12,11,10,12,10,11,13,10,10,11,10,13,11,14,11,14,10,11,11
12,10,13,10,12,12,10,14,12,12,14,10,14,13,13,10,10,10,10,12,10,11,12,12,13,10,11,14,14,14,13,10,12,12,13,14,13,10,12,10,14,11,10,13,10,10,10,10,13,13,11,14,10,14,11,11,13,11,0,12,12,11,11,10,13,13,14,12,11,10,13,12,14,12,10,12,13,10,14,11,12,14,11,10,10,12,14,10,12,11,12,10,11,13,10,13,12,11,11,10
10,12,13,14,10,11,11,12,14,11,12,10,14,14,14,12,10,11,14,10,13,14,10,10,13,12,10,11,11,11,10,12,13,14,11,14,11,11,10,14,11,11,10,10,13,11,11,12,14,13,13,11,12,11,11,11,12,13,10,0,12,10,10,10,13,11,14,11,14,13,14,11,13,10,14,14,12,14,14,11,11,11,13,11,13,12,14,10,12,12,10,12,12,10,13,13,10,11,12,14
13,10,11,13,14,11,10,10,12,11,14,11,13,11,13,10,12,13,12,10,12,14,13,12,13,12,13,12,12,11,13,11,11,10,12,11,14,14,12,11,12,14,13,11,13,13,14,11,11,12,11,11,13,12,11,14,11,14,10,12,0,13,12,12,10,12,13,10,12,14,12,11,12,11,10,12,13,11,12,13,10,13,12,10,10,10,12,12,14,13,13,10,14,14,14,13,10,11,12,14
10,13,11,11,14,10,13,10,13,14,13,13,14,11,14,14,10,11,12,10,10,10,10,14,11,11,12,13,11,11,11,11,13,12,13,11,11,10,10,14,12,11,13,14,10,14,10,13,14,10,12,13,14,11,13,14,12,12,10,12,12,0,14,13,12,13,11,14,11,13,13,12,10,11,12,13,13,12,10,14,11,11,14,14,11,13,13,12,11,14,13,14,14,14,12,11,12,12,11,11
13,14,14,14,11,13,12,12,11,13,14,11,12,13,14,11,13,10,12,13,14,13,12,12,14,13,13,10,13,10,10,11,11,14,10,11,12,14,12,13,11,11,11,13,14,11,11,11,10,11,13,12,14,13,12,14,12,11,10,12,14,11,0,14,10,12,13,10,13,12,12,14,13,12,14,11,13,12,14,12,12,11,11,14,11,12,13,11,12,12,11,14,10,13,10,13,14,11,10,10
11,10,13,13,13,11,14,14,10,11,13,11,13,14,13,10,13,12,12,13,14,11,12,11,11,13,14,14,12,11,11,11,12,13,11,11,13,12,11,10,12,13,11,11,13,14,11,10,10,14,14,12,14,11,11,14,12,12,12,10,12,10,12,0,13,14,11,13,14,13,11,12,10,11,12,11,11,10,11,12,12,11,13,13,12,11,14,12,11,12,11,13,10,10,10,12,11,10,13,11
11,10,11,12,14,12,14,11,12,14,14,14,11,10,10,13,14,11,10,11,10,14,12,12,12,13,12,14,10,14,14,10,11,10,11,11,14,10,14,10,12,13,14,12,12,11,12,14,10,12,13,10,10,11,11,11,13,14,10,11,10,14,11,12,0,14,13,13,10,14,13,13,13,11,10,14,12,14,10,14,10,10,12,14,12,11,14,10,10,13,14,13,10,10,13,14,12,11,12,12
13,13,11,10,11,13,14,13,10,12,14,11,13,10,14,10,12,10,13,10,10,13,13,12,10,10,13,13,13,10,11,10,12,12,10,12,14,11,12,13,12,10,10,12,14,12,10,14,10,12,12,11,13,11,12,10,10,14,10,11,10,11,10,14,10,0,14,14,10,14,12,11,10,12,14,13,14,13,10,12,12,14,13,12,10,13,10,11,11,10,14,12,14,11,11,12,10,10,10,12
10,12,14,10,13,11,11,13,13,12,13,12,14,11,12,11,12,14,10,11,10,12,13,10,14,14,11,14,11,12,12,14,12,13,11,14,10,13,13,13,11,11,13,13,11,12,12,12,13,14,10,11,14,13,11,13,14,14,10,13,10,12,12,11,10,13,0,14,11,14,13,11,14,10,11,10,14,13,14,13,12,12,13,10,12,11,10,14,14,11,13,10,10,13,14,13,14,13,12,13
13,12,10,12,10,13,11,11,13,13,12,14,14,10,12,11,11,11,10,14,14,14,10,14,11,13,10,10,10,13,10,10,11,11,10,14,11,10,10,13,14,14,11,10,14,14,10,14,10,13,11,12,13,12,13,14,12,11,11,12,12,10,10,10,12,11,13,0,12,10,13,14,11,11,11,14,14,12,14,14,11,12,10,10,12,11,13,11,13,12,11,12,10,13,12,11,14,13,11,13
13,10,12,14,12,14,10,11,12,12,13,11,12,11,10,14,11,10,12,13,14,14,14,10,14,10,13,12,13,10,10,11,11,11,11,10,10,11,12,13,11,11,14,10,14,10,10,14,13,13,14,13,11,12,14,13,11,12,10,11,10,12,12,12,11,12,14,11,0,14,14,14,10,12,14,12,12,10,13,10,14,10,14,14,10,10,11,10,14,11,13,14,13,11,10,12,13,14,12,13
11,10,14,14,14,14,14,11,11,14,12,13,12,11,10,11,11,13,12,11,10,12,14,14,11,14,10,13,11,11,14,12,12,14,14,13,11,14,14,11,11,10,13,14,14,10,12,11,10,14,11,14,12,11,13,13,11,14,13,10,13,10,14,14,10,14,10,12,11,0,12,10,12,13,10,14,14,14,14,14,10,11,13,13,12,10,14,10,11,11,11,11,11,10,14,13,11,11,14,14
10,14,10,10,13,13,13,10,11,11,14,14,11,14,13,13,14,12,12,13,10,13,14,11,14,10,14,12,14,12,13,13,10,10,14,10,11,13,14,13,12,13,14,14,11,12,10,11,11,11,13,14,13,10,13,11,10,14,10,12,14,11,11,13,13,11,14,11,14,12,0,11,11,12,13,11,12,14,14,14,12,10,13,10,13,14,13,14,14,11,13,10,12,12,12,14,11,12,10,10
10,13,13,11,14,14,11,11,14,14,11,12,10,14,12,12,11,10,13,14,14,11,14,14,11,12,13,13,10,14,14,14,13,14,14,14,11,11,10,13,12,11,14,14,10,11,14,13,14,14,13,10,14,10,10,13,13,14,10,12,10,13,11,10,10,11,13,11,10,13,11,0,14,14,14,12,12,11,14,14,14,12,10,13,10,11,13,10,13,13,10,10,12,11,13,12,14,10,13,14
14,13,12,13,11,13,13,11,14,13,12,11,13,14,10,14,10,14,11,14,11,10,10,13,14,13,13,12,11,12,13,12,13,10,10,11,10,12,12,11,12,12,11,14,10,13,11,12,11,14,12,14,13,14,13,13,13,14,13,12,14,10,10,11,10,10,13,13,14,13,14,12,0,11,14,12,13,13,10,12,10,11,11,11,12,10,13,14,13,11,11,12,10,14,14,12,11,12,10,14
10,10,12,12,12,14,14,13,13,12,10,10,12,12,13,11,13,14,12,11,11,10,10,12,13,10,14,13,11,12,10,10,13,11,11,10,13,13,13,12,10,10,10,11,11,10,10,12,11,13,14,12,14,14,12,14,10,10,14,11,10,11,11,11,12,14,11,11,10,13,12,14,10,0,10,10,11,10,13,10,12,10,11,12,13,13,12,11,14,14,11,14,13,13,12,12,13,14,13,13
12,14,13,12,13,11,14,12,14,13,11,14,11,14,11,11,13,14,13,13,10,12,12,12,13,13,13,10,13,13,11,12,11,14,13,13,12,13,14,11,13,14,12,10,12,12,13,14,11,11,13,14,10,10,13,14,11,11,13,14,12,13,14,11,11,13,12,11,10,13,13,10,10,11,0,14,10,10,11,14,11,14,14,14,11,14,12,11,11,11,14,12,11,10,14,14,10,14,10,13
14,14,11,13,13,12,13,13,13,10,12,13,14,11,12,10,13,14,12,11,14,12,11,10,11,11,12,14,11,12,14,11,10,13,10,11,12,11,10,14,11,14,12,10,13,10,12,14,12,13,10,11,11,14,14,12,13,11,11,12,14,13,11,11,11,11,13,11,11,10,12,12,13,12,10,0,10,14,10,12,11,13,13,12,12,11,12,14,10,13,13,13,11,14,13,10,13,12,11,14
11,11,11,13,12,11,13,12,13,14,14,12,12,14,14,13,10,11,14,14,13,11,12,12,13,12,11,12,10,12,11,13,13,11,10,14,12,10,10,11,13,10,10,11,14,10,10,11,10,14,10,11,12,11,10,14,13,14,14,14,10,11,12,11,12,11,14,11,13,10,11,10,11,13,11,13,0,10,11,12,12,11,14,12,10,12,14,10,11,10,10,10,13,10,10,10,11,13,14,14
13,10,13,12,14,13,14,10,14,10,12,14,12,11,11,13,10,14,11,14,12,10,13,11,13,14,13,14,10,12,14,10,11,12,13,12,13,11,12,11,12,14,10,10,13,11,13,11,13,11,10,12,11,14,11,12,12,12,14,10,10,10,10,11,10,12,12,10,13,14,10,14,11,10,12,13,10,0,12,13,12,11,11,10,13,12,12,14,11,10,10,14,10,12,11,11,12,13,13,10
11,13,13,13,13,11,10,10,11,12,13,12,14,13,12,14,13,14,11,14,13,13,11,14,12,10,14,12,10,14,10,14,11,12,12,13,12,13,11,12,11,11,12,13,11,12,14,11,14,12,12,12,12,14,11,13,12,13,10,13,12,13,10,11,12,14,11,12,11,13,11,14,12,14,12,12,10,12,0,12,14,10,12,12,12,11,12,11,11,10,14,11,14,13,13,14,13,10,11,11
12,11,12,10,11,10,12,14,13,11,14,12,10,10,11,12,10,10,12,10,14,12,10,11,12,12,12,11,14,14,14,11,14,10,14,13,13,11,11,12,13,13,13,14,11,11,10,13,12,10,14,12,12,10,11,10,11,10,13,13,12,11,14,13,12,12,13,14,11,12,14,13,14,10,11,11,13,10,14,0,10,11,14,14,14,10,11,13,13,14,13,12,12,13,12,14,12,13,10,12
14,12,11,12,14,10,11,12,12,14,14,12,10,11,12,12,13,12,10,12,10,13,10,10,12,10,12,14,12,10,14,13,13,13,10,13,10,12,14,13,14,14,11,14,14,11,11,11,11,10,11,10,12,12,11,11,11,11,14,14,13,11,10,12,14,11,14,12,10,13,11,11,12,12,13,11,12,11,10,10,0,13,11,12,12,14,14,10,10,11,14,11,14,12,10,10,12,14,13,14
13,12,14,10,12,13,14,12,10,13,10,14,10,10,14,10,11,13,12,13,10,10,13,10,11,11,12,14,12,11,11,11,13,12,12,13,14,11,14,14,14,11,10,12,11,14,11,13,12,14,13,13,11,10,13,12,13,13,13,11,10,10,10,14,12,13,10,13,13,10,11,10,13,13,13,14,10,11,14,11,10,0,14,11,12,12,13,10,12,13,14,14,10,12,13,13,14,10,11,14
12,14,13,14,12,12,13,14,13,11,14,12,11,14,11,11,10,13,12,11,13,13,12,14,13,11,11,12,10,14,14,13,14,11,11,12,11,14,14,10,14,13,12,11,14,12,12,11,11,12,13,10,13,14,11,14,11,13,11,10,11,10,14,13,12,10,13,10,12,13,14,10,14,12,12,10,11,11,10,10,13,14,0,11,12,11,13,10,14,10,12,11,12,13,13,14,13,14,13,13
13,14,12,14,13,13,12,11,10,11,10,12,14,13,10,12,11,13,11,12,14,10,13,14,14,12,11,12,10,12,13,10,13,12,12,11,10,10,13,14,13,11,14,12,14,10,11,14,13,11,13,14,12,10,14,12,11,13,10,10,11,10,10,12,13,14,14,11,11,13,11,10,10,11,13,12,11,10,14,13,10,11,14,0,14,14,13,12,12,13,14,10,12,10,12,13,13,10,11,14
10,10,14,13,14,14,12,14,10,11,11,10,10,13,11,14,14,11,11,13,14,12,12,13,11,13,14,10,13,13,10,12,10,11,14,13,11,13,14,10,12,14,12,10,12,13,14,13,13,12,13,12,14,13,14,13,13,11,11,10,10,12,10,11,11,14,10,14,14,13,13,10,11,11,11,10,14,11,10,12,13,10,11,10,0,10,13,12,12,11,11,14,10,11,14,10,14,13,10,14
12,13,10,14,10,14,12,10,13,11,14,13,11,10,13,11,14,10,10,11,12,11,13,12,12,13,12,13,11,11,11,11,14,12,12,14,12,11,11,10,12,12,14,10,11,13,13,10,13,12,10,14,12,13,11,11,14,12,11,11,11,13,14,12,10,13,13,13,12,13,14,13,14,14,13,14,12,12,11,14,10,12,10,14,10,0,11,13,11,10,11,14,14,14,14,13,14,13,11,14
13,10,14,12,14,13,11,10,13,14,11,13,12,11,12,11,14,12,14,11,14,14,11,13,10,13,14,14,14,10,14,11,10,12,13,13,11,14,11,11,13,11,10,11,14,13,12,13,11,13,14,11,14,10,10,13,13,11,12,10,13,12,10,12,14,10,12,14,12,13,10,14,11,13,12,12,14,14,13,12,11,10,12,11,11,13,0,12,10,12,10,10,14,12,11,12,11,10,12,12
13,10,13,10,13,12,14,14,10,12,13,14,14,12,10,13,13,10,14,11,11,13,12,11,12,13,10,12,10,10,11,11,11,12,10,11,13,14,13,13,11,13,11,12,14,10,11,12,11,12,14,11,11,11,10,10,13,11,13,10,12,12,14,10,11,11,12,11,12,13,10,13,11,10,10,12,11,14,12,11,12,12,10,13,11,14,10,0,10,11,14,13,11,11,13,11,13,14,11,11
13,13,14,10,13,11,10,10,10,11,13,13,13,13,11,12,14,11,11,13,11,10,12,14,12,10,14,11,12,14,11,12,10,13,14,13,12,12,12,12,11,14,14,13,12,11,14,13,10,10,11,11,13,12,14,12,10,14,12,12,12,13,12,11,14,11,12,10,14,12,10,12,14,14,12,12,11,13,11,11,10,10,11,11,13,14,14,13,0,14,12,13,12,14,14,14,12,11,13,14
11,13,14,14,12,10,14,12,14,10,11,11,11,13,11,12,11,12,11,12,14,12,14,11,11,13,12,12,10,14,14,10,12,14,10,13,10,11,13,11,13,12,14,12,12,10,12,14,13,11,13,10,10,10,10,14,13,13,12,13,12,11,11,10,10,11,14,12,12,13,11,14,13,14,14,11,12,12,14,10,11,13,14,13,10,13,14,11,14,0,10,14,12,14,14,14,11,10,14,11
10,11,14,11,14,10,14,12,11,11,13,12,10,14,11,12,13,12,13,10,12,11,12,13,12,13,13,14,13,10,12,10,13,10,13,13,11,12,14,13,10,11,13,14,10,13,13,13,12,12,10,14,12,14,14,14,14,11,13,11,11,14,13,11,14,12,14,10,11,12,10,11,12,10,14,10,12,12,12,14,14,10,12,10,14,13,13,14,11,13,0,14,10,13,13,11,10,12,12,10
13,14,13,12,14,12,14,11,12,14,13,11,11,14,14,11,10,12,12,11,11,14,14,13,12,13,10,13,14,13,13,12,10,12,14,10,10,13,12,13,10,11,10,14,12,12,12,11,13,11,10,13,14,11,14,13,14,10,10,11,12,10,11,14,10,11,11,14,14,14,11,12,10,14,10,14,13,10,11,14,11,14,14,12,12,10,12,13,12,10,11,0,10,13,11,11,14,14,11,13
11,11,12,11,14,10,13,13,10,10,10,10,13,14,10,10,12,11,14,11,10,13,12,12,14,13,10,14,13,12,10,14,12,11,10,13,13,12,10,12,14,11,12,13,12,10,12,11,12,11,13,13,10,14,12,12,14,10,12,11,10,13,14,13,14,10,13,12,13,12,11,10,10,11,12,14,11,13,10,13,11,14,11,12,13,11,13,12,13,12,14,13,0,10,13,11,10,12,14,13
11,11,14,12,10,14,13,13,13,11,13,11,10,10,13,10,10,12,11,14,12,12,10,13,11,12,13,10,12,14,12,11,12,10,13,12,11,11,11,13,10,13,14,10,10,11,14,12,11,13,11,12,11,14,10,13,10,11,11,12,11,13,10,13,14,12,13,10,11,11,14,14,11,13,13,14,12,10,13,10,13,10,13,13,13,14,10,12,14,14,11,14,10,0,13,12,12,12,10,11
13,12,14,11,10,14,11,11,12,11,11,11,10,12,10,14,10,10,12,14,14,11,11,10,11,14,14,13,13,10,11,11,11,13,10,12,14,14,12,14,12,12,12,10,12,13,10,11,14,13,12,12,10,10,12,11,10,13,14,11,10,13,13,12,10,10,14,12,12,12,10,10,12,13,12,11,13,10,13,13,13,12,13,14,13,14,10,10,11,13,12,11,10,11,0,14,14,14,10,10
12,14,13,14,11,13,11,14,12,13,10,12,10,10,10,12,12,14,14,13,10,14,13,11,13,10,13,10,11,13,13,12,13,14,10,14,10,12,11,11,12,14,13,12,10,10,11,11,14,14,11,14,14,11,14,13,10,12,10,11,14,11,13,13,14,13,14,10,14,11,12,14,12,13,11,11,10,10,11,12,13,12,10,11,12,13,12,11,14,12,13,13,12,10,11,0,10,10,14,12
12,11,11,11,12,12,11,12,11,10,13,12,10,11,13,12,11,10,11,11,11,10,12,10,12,13,13,12,11,11,10,10,11,13,13,11,12,11,12,14,10,10,10,11,11,10,13,12,13,13,14,14,14,13,11,11,13,11,13,14,13,13,11,14,14,12,10,11,12,11,14,10,13,11,10,10,14,11,14,12,10,11,13,12,12,11,11,13,12,12,12,11,12,13,11,11,0,14,10,12
13,14,11,14,12,13,14,11,12,12,10,11,11,12,11,13,11,10,13,12,13,11,12,14,14,13,13,12,14,10,14,10,13,14,10,13,14,11,11,13,13,14,14,10,11,10,11,14,10,10,10,11,11,13,14,12,11,11,10,13,10,11,12,11,12,14,12,12,11,13,13,14,13,14,14,13,12,12,13,13,12,14,11,14,14,12,14,10,14,13,11,13,11,13,13,11,11,0,12,12
11,13,13,12,12,11,10,13,12,13,10,10,14,13,11,10,10,14,13,11,14,10,11,12,13,11,10,12,14,10,13,11,14,14,11,10,14,12,14,12,14,14,11,12,14,13,12,10,10,12,13,11,13,10,13,11,11,10,14,10,10,12,13,12,10,13,10,10,11,10,11,13,10,10,12,10,13,14,13,10,14,10,12,11,11,11,13,14,11,10,14,13,13,14,12,11,11,14,0,12
10,12,12,13,14,11,10,11,13,12,12,12,12,11,13,10,14,10,11,10,13,10,11,14,11,11,12,14,10,12,11,14,14,11,13,12,12,11,13,10,11,14,14,11,13,12,12,11,14,13,12,10,14,14,13,14,11,13,11,12,13,10,10,10,11,13,13,10,13,11,13,12,11,11,14,14,10,14,10,14,14,10,10,12,10,10,14,10,13,13,11,13,14,10,11,10,13,14,10,0
