R=100
Pi=(22,21,24,27,26,24,23,29,21,26,20,22,23,29,26,26,22,26,27,27,29,20,21,23,27,21,27,23,28,28,25,27,26,20,29,28,28,20,25,25,22,29,26,23,24,26,26,24,22,23,25,21,23,26,23,21,29,20,29,24,26,20,21,22,20,23,25,23,29,28,27,22,21,21,24,29,24,27,29,21,24,23,20,24,23,23,23,20,26,28,28,27,20,20,28,22,28,24,23,21)
A=
1,2,24
2,3,0
3,4,21
4,5,23
5,6,0
6,7,0
8,10,27
16,17,0
17,18,0
18,19,0
19,20,0
20,21,0
21,22,37
22,23,37
24,25,0
25,26,0
26,27,38
27,28,0
28,29,20
29,30,0
31,32,0
32,34,0
34,36,0
38,39,0
39,40,0
40,41,0
41,42,0
42,44,20
45,46,38
46,47,26
47,48,0
48,49,20
50,51,21
51,53,32
53,58,0
62,63,29
66,67,34
67,70,0
73,74,0
76,78,32
78,80,0
80,82,31
81,83,24
83,85,21
85,87,34
86,88,20
87,89,21
88,90,0
96,98,24
97,99,32
Sij=
0,5,6,8,7,5,5,6,9,7,7,7,7,5,7,7,8,5,7,7,7,7,8,6,6,7,7,8,6,8,8,7,9,9,7,5,8,8,7,7,6,7,8,8,5,8,6,9,5,9,7,6,6,8,6,5,6,9,7,9,7,6,9,5,8,9,8,8,7,7,8,9,8,5,6,5,9,5,6,7,6,7,8,6,6,6,6,5,7,6,8,9,6,7,9,9,8,8,9,5
9,0,8,6,7,6,7,8,5,7,6,5,5,8,9,8,5,7,7,8,7,8,8,5,6,8,9,8,5,6,6,6,6,6,5,8,7,6,5,5,9,8,5,7,6,6,8,5,7,9,9,7,5,9,6,6,6,7,5,9,6,9,7,8,6,9,8,9,7,6,5,8,7,7,8,9,7,5,9,9,5,8,6,6,7,9,6,6,9,8,6,5,6,6,8,9,5,6,5,6
7,8,0,7,5,8,5,9,8,5,7,8,5,8,5,8,8,8,5,6,7,8,7,9,9,9,5,7,5,8,9,8,6,9,7,7,6,6,5,7,6,9,7,5,7,9,6,7,5,7,5,6,9,5,8,8,5,9,8,6,8,8,9,9,6,9,7,5,5,8,7,6,8,8,9,7,5,6,7,9,8,8,6,8,8,7,8,5,6,9,7,6,7,9,9,8,5,7,8,7
7,5,6,0,7,9,8,8,6,5,5,8,8,7,9,7,5,7,5,6,9,5,7,9,6,6,5,9,8,8,6,7,7,8,9,6,7,6,8,9,9,9,7,9,5,6,8,9,8,6,9,6,9,6,9,7,5,6,5,6,8,9,9,8,9,8,5,5,8,7,5,8,8,6,7,5,8,7,9,5,7,6,5,7,8,5,7,6,8,6,6,5,6,7,5,9,9,8,5,6
5,8,5,5,0,5,5,7,8,8,8,9,7,7,9,9,7,8,6,9,9,5,9,6,6,5,5,7,6,6,7,5,9,7,7,9,8,5,5,7,7,7,9,7,9,7,8,7,6,7,8,5,7,8,5,6,6,7,9,9,5,8,5,7,6,7,9,5,5,9,5,6,8,9,7,6,6,6,6,9,6,7,5,8,7,6,8,5,6,6,8,5,6,5,6,8,7,6,5,6
7,8,7,6,6,0,6,7,8,6,9,9,9,6,9,8,8,8,6,9,5,9,8,9,9,6,5,9,8,7,8,9,5,5,9,6,8,9,9,6,6,9,9,8,7,6,8,9,6,7,8,5,5,6,5,7,9,9,8,5,6,7,8,5,8,5,9,8,6,8,9,8,9,9,8,6,9,5,7,7,7,5,7,6,8,7,8,8,5,7,7,9,6,8,5,8,5,9,9,7
7,9,7,8,7,9,0,6,5,8,9,7,8,7,5,7,6,9,7,6,6,6,5,8,9,6,5,7,5,9,9,5,5,5,9,5,7,7,9,8,8,5,7,9,5,9,8,7,6,5,9,9,7,7,8,5,6,6,8,7,7,7,6,6,8,8,6,8,7,9,5,8,5,9,8,6,8,5,8,9,7,7,5,9,5,5,8,8,7,9,9,6,9,6,5,6,8,6,6,6
8,9,5,6,5,5,8,0,8,9,6,6,5,8,8,9,9,6,7,5,8,5,8,6,7,5,8,8,9,8,7,8,6,9,6,6,7,7,9,8,9,7,9,9,5,7,8,8,6,6,5,9,6,5,8,5,5,7,7,5,7,7,9,5,7,8,5,5,6,7,6,7,7,8,6,5,6,8,5,5,7,5,7,7,7,7,6,5,6,6,5,5,5,8,6,7,8,9,7,7
7,7,7,8,9,8,6,7,0,9,7,9,6,6,7,8,6,9,6,7,9,6,9,9,5,6,6,7,8,6,9,7,6,6,8,7,9,8,8,8,8,5,9,6,9,7,9,8,7,5,5,7,7,6,8,6,8,8,7,7,7,6,8,5,5,5,7,5,8,9,8,8,5,8,8,8,7,7,5,8,7,8,9,8,6,6,5,5,8,7,9,6,6,6,5,7,7,8,6,9
9,8,9,8,6,6,6,8,8,0,9,8,5,8,9,5,8,6,9,9,8,9,7,7,6,9,7,6,9,7,6,5,9,6,6,8,8,9,6,7,9,9,6,7,8,8,9,7,7,6,6,5,7,9,7,9,7,6,8,8,8,5,7,6,6,8,9,8,7,5,6,9,5,7,9,8,8,9,8,7,5,5,9,8,5,5,8,9,8,6,5,7,5,7,8,9,6,9,5,9
8,5,5,6,9,7,5,9,5,9,0,5,7,7,5,8,8,5,9,5,6,5,9,5,5,9,9,8,8,9,9,6,8,9,8,8,9,5,8,8,7,9,8,9,9,6,8,9,9,8,5,9,7,8,8,9,8,5,9,6,9,8,7,5,5,7,6,7,8,7,9,7,7,5,8,6,6,5,6,9,6,9,8,9,8,9,9,9,6,9,5,8,5,6,8,9,7,7,8,6
9,5,5,7,9,7,7,6,5,6,7,0,8,9,9,9,5,9,7,7,6,8,7,6,9,7,5,6,5,6,9,9,8,6,9,5,6,8,6,5,5,7,7,9,9,6,6,9,5,6,8,9,5,5,7,8,7,9,6,5,8,5,6,5,6,7,9,7,5,9,8,6,8,7,6,8,5,8,6,8,5,6,6,9,7,5,9,8,8,5,7,7,7,5,6,5,6,7,7,7
7,8,8,6,8,7,5,7,9,9,8,9,0,7,7,9,6,9,6,7,6,8,5,8,5,7,6,8,7,5,6,6,7,5,8,6,6,8,9,6,5,9,6,8,9,6,8,9,5,5,5,5,9,5,5,9,6,5,8,8,6,8,7,6,8,7,5,8,9,5,8,8,9,5,6,6,6,6,9,8,8,6,8,7,5,5,6,7,5,9,5,6,9,6,9,6,7,5,5,7
6,9,5,9,7,6,5,9,8,8,8,9,6,0,5,5,9,5,5,5,7,5,8,8,9,5,6,8,8,6,9,9,6,6,6,7,8,6,9,9,9,9,7,8,6,5,5,5,9,5,9,6,7,9,7,6,8,6,5,9,5,7,7,8,8,8,7,8,9,8,6,8,6,5,6,8,8,9,7,9,9,6,9,8,6,8,7,6,8,5,9,7,6,5,8,6,7,9,9,7
8,7,5,6,8,6,5,6,8,9,8,8,9,6,0,9,9,8,9,6,5,6,6,9,9,8,9,7,6,6,9,5,8,5,9,5,7,5,7,9,5,8,5,7,9,6,5,7,9,5,9,8,8,7,9,5,7,7,6,7,9,8,9,5,9,8,9,8,9,5,7,8,5,9,6,7,5,8,5,7,8,6,7,5,6,6,7,6,5,8,8,9,8,5,5,6,9,5,8,5
6,7,8,9,7,6,7,8,6,7,5,9,6,9,9,0,7,6,8,8,7,6,8,7,5,7,7,9,5,9,9,8,5,9,5,6,5,8,8,7,5,8,8,9,8,8,8,7,9,5,7,9,5,7,5,9,7,5,7,6,5,6,6,9,7,9,9,9,6,8,8,9,8,5,7,8,7,9,8,6,8,5,5,5,6,9,7,7,8,6,8,5,5,6,7,9,7,9,7,9
8,9,5,6,6,8,6,9,5,6,6,8,6,5,7,9,0,5,6,7,7,6,7,5,5,5,8,8,6,8,7,6,8,6,9,8,9,9,9,8,8,8,8,7,6,9,9,8,9,8,7,8,5,6,9,7,6,8,5,6,8,9,9,6,7,5,7,6,7,7,8,9,6,8,9,9,8,5,9,5,5,5,9,8,5,8,6,7,7,6,6,6,9,8,9,8,8,7,9,6
7,7,5,6,5,8,7,6,7,9,9,6,9,9,5,8,5,0,6,5,8,8,5,9,6,6,7,5,8,8,5,5,6,5,7,8,8,9,7,7,7,6,9,9,7,7,5,6,5,7,6,8,7,6,5,7,7,8,9,5,7,7,8,8,6,8,7,5,6,6,7,9,7,8,8,7,9,5,7,8,5,5,5,5,7,7,8,5,5,5,6,5,9,6,5,9,7,6,7,8
9,9,5,9,5,7,5,8,8,8,7,6,5,5,9,7,7,7,0,5,9,5,7,5,6,9,7,9,6,8,8,9,8,8,8,9,5,5,5,5,5,6,9,7,6,7,9,9,8,7,7,7,5,5,7,8,6,9,8,9,8,7,9,5,9,9,9,8,7,6,8,6,6,7,5,8,5,5,8,9,9,7,5,8,5,6,9,8,5,5,7,6,6,6,6,7,7,8,7,7
7,6,7,7,8,5,5,7,5,9,7,5,6,9,9,5,6,5,5,0,7,5,6,7,6,8,7,9,5,5,7,6,6,8,6,6,8,5,7,5,9,6,6,7,5,8,7,5,7,6,6,6,6,8,9,7,6,8,5,9,6,5,5,7,8,8,5,7,9,7,6,5,8,5,5,6,8,8,7,7,6,7,7,8,9,6,5,7,8,8,5,9,9,8,8,8,6,9,9,7
7,9,5,5,5,6,7,5,8,7,8,7,6,7,8,9,8,6,8,6,0,8,7,9,6,7,6,5,5,6,6,5,9,9,9,5,6,6,6,8,7,9,9,9,5,5,7,7,7,9,9,9,9,5,7,9,9,9,9,7,8,6,6,8,6,6,8,8,7,7,6,7,6,8,5,7,8,8,8,5,5,8,8,6,7,6,6,8,6,9,5,7,7,9,9,6,7,5,7,8
6,8,5,9,7,7,8,6,5,9,6,6,5,8,7,9,7,5,6,9,5,0,5,6,7,7,9,9,7,8,8,5,7,5,9,9,6,8,8,8,5,8,9,8,7,8,8,6,9,6,9,8,7,9,7,8,6,6,7,7,7,7,5,8,7,9,8,5,5,8,6,6,9,6,6,6,6,7,9,9,8,8,5,5,8,9,7,8,7,6,8,9,5,6,5,7,7,6,5,7
9,8,5,5,5,8,9,5,8,6,7,9,7,7,9,9,6,9,5,7,6,5,0,8,9,5,6,6,8,6,8,8,5,6,7,5,5,8,9,5,5,9,7,5,5,9,9,7,7,6,6,6,8,5,7,5,9,9,5,5,9,7,6,9,9,8,6,7,5,7,9,5,6,9,5,8,9,9,7,9,6,9,8,6,9,7,5,9,8,6,5,5,7,9,5,7,8,7,5,7
7,6,7,9,7,5,9,8,5,9,6,5,6,6,9,5,8,5,9,7,8,7,9,0,8,7,8,8,7,8,7,5,6,9,5,6,5,6,8,8,8,7,6,8,9,9,5,8,6,5,5,9,7,7,8,9,9,6,8,7,8,7,6,9,8,9,9,5,6,9,9,8,5,6,6,9,6,9,9,9,7,5,6,7,8,8,7,8,6,5,7,8,8,6,5,6,5,7,9,5
9,9,6,6,5,7,8,6,6,8,7,5,7,9,5,7,5,9,6,5,6,6,9,6,0,7,6,5,8,5,9,9,9,5,9,9,7,8,9,6,6,9,6,6,7,8,6,5,8,6,7,5,6,5,9,8,8,9,5,9,9,7,5,5,7,8,8,5,7,5,7,8,6,8,5,5,5,9,6,8,5,5,6,7,8,9,8,8,5,6,5,8,8,5,6,9,9,6,9,9
9,6,8,8,8,8,9,7,5,8,8,9,7,6,9,9,5,7,6,7,5,9,9,6,5,0,9,5,5,6,5,6,9,9,7,8,8,6,8,9,9,5,5,7,7,7,5,5,6,5,7,8,6,9,7,8,5,7,6,8,9,8,8,6,9,6,9,5,9,8,5,7,7,8,7,6,5,7,6,8,9,8,8,9,9,7,9,9,6,9,8,5,9,5,9,6,7,8,7,6
8,5,5,8,5,9,6,8,7,5,7,7,6,8,8,5,9,8,7,7,6,9,8,5,5,5,0,7,7,8,5,9,6,9,5,5,8,8,9,9,9,6,5,7,5,6,5,9,6,6,9,6,8,6,5,9,9,6,5,8,5,7,9,5,6,6,5,8,5,8,9,6,9,8,8,6,6,6,7,8,9,5,5,5,8,8,5,5,9,6,5,7,8,6,9,6,6,5,6,9
6,7,8,8,6,7,6,5,7,8,8,8,8,6,8,9,6,8,7,7,5,9,8,9,7,7,8,0,8,8,6,9,5,9,7,7,7,7,7,9,5,7,5,7,5,8,7,8,6,7,5,5,8,8,8,9,6,8,8,5,8,9,8,6,6,9,7,8,5,9,5,7,8,9,6,5,5,6,8,6,5,9,7,5,8,6,6,7,6,8,6,9,8,7,5,6,8,8,6,6
5,9,7,6,7,8,6,8,6,8,8,9,5,6,5,9,6,7,8,5,7,9,6,7,8,6,8,6,0,8,9,6,6,5,6,6,6,7,5,8,9,9,7,5,7,5,6,9,6,6,6,9,6,5,6,8,5,7,5,8,5,5,5,9,6,7,6,9,8,5,9,7,5,9,8,5,5,9,8,6,6,7,6,9,7,5,5,6,8,7,5,8,6,7,7,9,8,7,8,5
8,7,5,5,7,9,9,6,6,5,8,6,8,8,6,8,8,5,7,6,6,9,5,5,5,5,5,7,6,0,8,6,7,5,8,8,9,6,5,6,8,5,8,5,7,9,9,5,8,6,9,6,8,5,6,9,8,7,5,5,7,9,6,9,7,8,5,5,5,9,7,7,7,8,8,6,7,9,7,6,6,5,6,6,7,7,8,7,8,9,5,6,6,5,9,9,9,9,7,8
9,8,5,9,9,6,9,9,6,5,6,8,9,8,9,6,7,5,6,5,5,8,6,6,9,5,6,7,9,9,0,6,8,6,8,6,7,5,7,6,5,8,9,5,7,7,6,7,7,5,8,6,8,7,7,8,6,6,8,5,8,5,6,9,7,9,8,7,5,7,7,6,5,8,5,7,5,7,9,8,7,8,9,6,6,7,7,5,9,5,5,5,6,7,8,5,6,9,7,8
9,9,6,9,8,6,6,5,7,5,8,8,7,5,7,5,6,9,8,5,6,7,7,5,6,6,5,8,5,5,5,0,5,5,5,8,8,6,9,8,9,6,7,7,8,6,7,8,5,9,7,9,6,5,7,7,6,6,6,8,7,5,7,5,6,9,8,8,7,6,8,8,6,6,9,9,9,9,8,8,8,7,9,8,7,6,9,9,7,7,7,6,5,5,6,8,8,7,6,9
8,9,5,9,6,8,7,5,6,8,8,6,7,7,5,9,6,9,7,5,5,8,5,9,8,6,8,6,9,5,6,6,0,8,9,5,9,7,5,7,9,8,9,7,9,9,5,9,7,5,7,7,9,9,5,9,9,8,6,5,9,9,6,5,6,7,6,7,8,7,5,6,6,6,7,7,6,5,6,5,8,7,6,5,7,7,6,7,8,5,5,5,5,9,8,9,7,9,6,7
8,8,6,5,9,5,6,7,7,7,8,8,7,6,7,6,8,5,7,8,5,9,8,7,6,5,5,6,7,8,9,6,9,0,8,7,5,6,5,5,7,6,9,5,5,7,6,7,9,7,7,5,7,6,7,7,8,9,8,8,9,9,9,9,8,8,6,9,9,9,7,9,7,9,5,6,5,9,8,9,9,7,6,9,5,7,7,5,6,6,8,6,8,7,6,7,7,9,6,7
6,7,8,5,5,7,8,7,6,5,6,9,6,8,8,6,8,5,8,5,5,6,7,7,5,5,6,5,7,7,9,6,7,5,0,8,6,9,5,8,7,9,5,8,5,5,8,5,9,8,9,9,6,5,5,7,5,5,5,9,9,6,7,9,8,6,5,6,5,9,6,7,8,6,6,6,5,7,6,7,7,5,6,7,8,8,8,5,7,7,8,6,8,5,9,6,7,5,5,9
5,6,9,9,6,6,6,5,9,9,7,8,8,7,7,8,9,5,6,5,7,9,9,8,6,5,9,7,6,9,9,9,7,7,7,0,5,6,7,5,6,6,8,5,7,9,5,7,5,7,6,6,6,9,9,6,5,7,5,7,6,7,8,8,5,5,8,6,6,9,7,6,7,9,9,8,9,8,6,8,6,7,8,5,5,7,7,5,7,5,7,8,6,9,9,9,8,9,5,7
6,8,6,5,5,9,9,7,9,6,6,6,5,6,6,8,8,8,7,7,8,7,8,6,7,9,5,8,9,5,5,5,7,9,7,7,0,5,8,9,6,8,9,5,5,8,5,7,9,8,5,5,9,7,8,9,8,5,5,8,5,9,6,7,8,6,6,9,5,9,8,8,5,8,6,8,8,6,7,7,7,6,5,9,9,9,5,8,9,5,8,7,5,9,9,6,7,7,6,9
6,6,6,5,9,7,5,6,5,9,5,7,7,7,6,9,8,6,8,9,5,8,9,5,6,5,7,5,9,9,6,6,9,8,5,5,9,0,5,5,6,9,8,7,9,9,6,5,8,8,9,7,6,9,7,8,8,6,6,8,8,5,9,6,5,8,9,7,9,6,5,9,8,5,6,9,6,6,5,6,5,5,8,7,9,7,9,6,6,9,7,9,8,6,6,6,9,6,6,5
5,8,6,6,8,5,9,5,7,8,7,7,6,5,8,8,6,7,7,8,9,7,5,9,9,5,5,7,9,9,9,9,9,9,6,6,9,7,0,8,9,7,8,8,8,7,5,8,8,7,8,5,7,9,7,6,7,8,6,7,7,9,6,6,8,8,7,7,6,9,7,8,8,8,7,5,5,8,6,7,9,7,7,9,5,9,7,5,7,8,8,7,7,5,6,5,6,7,5,5
5,8,7,9,5,9,6,8,7,6,6,8,7,9,7,5,6,7,5,8,6,6,9,8,5,9,6,8,7,7,9,7,8,6,7,6,5,7,8,0,6,8,8,8,6,7,5,5,8,7,5,8,8,6,7,9,8,8,8,9,6,8,7,6,5,6,8,5,5,6,6,9,8,8,8,9,7,8,8,5,9,8,7,6,6,8,6,5,5,6,8,7,6,8,7,8,6,7,8,9
8,5,9,6,5,6,5,5,7,7,6,9,5,7,9,7,5,5,9,7,5,7,9,9,7,8,8,5,6,5,8,9,5,8,7,9,8,5,5,5,0,8,6,7,7,5,9,7,8,8,9,7,5,7,6,9,6,5,5,8,6,7,9,8,7,8,6,9,6,5,5,9,5,5,9,8,9,9,6,8,8,6,5,6,6,8,8,7,9,9,5,9,7,6,8,7,8,7,5,8
8,5,5,7,8,5,7,9,8,7,9,6,8,6,5,5,7,8,7,8,5,9,9,7,9,6,6,8,6,6,5,7,8,8,5,8,5,7,7,5,5,0,8,8,7,9,9,5,5,6,8,5,5,9,6,8,8,5,8,7,7,9,9,8,7,6,7,7,5,6,6,9,9,5,7,8,6,6,7,8,5,5,5,6,8,5,5,7,7,9,7,8,7,9,5,5,6,5,5,5
6,6,5,9,5,8,5,9,7,8,6,6,8,5,7,7,9,7,5,6,6,5,5,5,8,8,6,5,5,6,6,6,5,6,6,9,5,5,6,9,5,5,0,9,8,7,5,9,7,7,7,6,9,9,9,9,6,5,9,6,7,6,5,9,6,7,5,6,7,8,8,6,8,6,5,5,5,5,7,7,8,8,9,7,7,9,7,6,6,6,5,8,5,9,9,7,5,5,8,6
7,9,7,9,9,5,8,8,8,8,8,5,8,6,7,8,7,7,7,7,9,8,5,5,7,9,6,9,6,8,5,5,6,5,5,9,5,5,8,6,6,8,7,0,7,7,9,9,9,6,5,5,8,8,6,6,8,8,6,6,9,9,9,6,5,8,8,9,8,6,8,8,7,8,5,5,5,6,7,8,8,5,6,7,6,8,7,6,5,8,6,5,8,8,9,6,7,7,6,9
8,5,6,7,7,7,7,9,7,5,5,7,5,8,7,9,8,6,5,7,5,7,8,9,5,8,9,8,8,8,8,8,9,8,9,8,8,8,9,8,5,7,9,9,0,7,8,9,9,6,5,8,5,6,9,8,6,6,6,7,9,7,9,5,8,7,7,7,7,8,9,5,9,6,6,7,7,8,9,6,6,9,9,7,8,5,8,6,5,5,8,6,6,5,5,5,5,7,5,7
5,5,7,6,6,5,9,8,9,7,5,8,7,5,6,9,8,7,7,8,9,5,7,6,5,7,8,8,6,6,6,5,7,6,6,5,6,8,5,8,5,9,6,7,9,0,5,9,6,9,5,7,8,9,7,8,9,7,5,6,8,7,5,7,8,5,9,5,5,9,6,8,9,6,9,7,9,8,5,6,9,8,6,9,5,8,7,6,5,8,6,7,6,7,7,5,5,6,8,6
5,5,9,7,7,7,8,7,5,9,8,6,7,8,6,5,5,6,7,5,7,8,9,6,7,9,7,7,9,8,7,8,5,8,6,9,8,8,6,8,5,5,5,5,5,5,0,9,7,6,7,5,8,9,7,9,6,5,7,9,8,5,5,8,7,7,5,5,9,7,7,6,6,9,8,5,7,8,8,6,7,9,5,6,6,7,8,8,8,9,9,8,5,8,8,8,9,7,8,8
5,5,9,9,8,6,8,9,5,7,6,8,6,6,7,8,5,9,6,9,8,6,7,5,7,8,5,8,5,5,5,9,5,5,6,7,5,5,7,5,9,9,8,5,7,6,6,0,9,6,5,8,9,6,8,9,8,7,8,7,5,6,5,8,9,7,7,8,6,5,9,8,9,7,5,9,9,8,6,8,5,6,5,6,5,7,5,8,6,5,7,9,6,7,6,9,9,5,8,8
5,7,5,8,6,7,8,7,5,9,5,5,5,5,7,9,5,8,8,7,6,8,7,6,7,9,6,7,5,6,5,8,5,8,8,7,5,6,9,8,9,8,8,7,9,7,8,6,0,5,7,9,5,7,5,6,6,5,9,6,6,5,5,6,9,8,6,5,7,7,9,8,8,9,9,7,8,5,5,6,5,6,5,7,8,6,9,6,9,6,6,7,6,5,7,7,8,6,8,8
8,6,6,8,5,9,5,6,7,7,8,6,5,7,5,5,9,8,8,7,9,5,6,5,6,6,6,7,6,7,8,7,6,6,8,9,9,6,6,8,5,8,8,6,7,9,6,8,5,0,6,8,5,7,6,8,7,5,5,7,8,7,8,9,5,8,6,5,8,9,6,6,8,6,5,6,6,6,9,7,6,5,7,7,5,9,8,9,9,7,5,8,9,9,7,5,7,8,8,7
6,9,7,8,8,5,9,9,7,9,7,6,5,7,6,8,5,5,9,6,5,6,5,5,9,7,7,9,8,9,9,7,7,7,6,7,7,8,8,9,9,8,7,5,5,8,7,6,7,8,0,5,6,8,7,6,9,8,7,9,6,8,5,5,7,5,9,8,8,6,8,6,6,7,5,7,7,9,5,5,6,5,5,6,5,8,7,9,5,5,7,9,5,9,7,5,8,8,5,9
5,9,8,5,8,7,9,9,8,9,9,9,7,6,8,6,7,9,5,9,7,5,8,8,8,9,6,6,5,9,9,9,9,5,9,6,6,5,7,7,8,8,5,5,5,7,6,8,6,6,7,0,8,7,5,7,5,6,5,6,9,6,7,9,9,5,5,5,7,7,6,9,7,7,7,5,9,9,7,8,5,8,7,5,8,6,5,6,8,8,9,5,6,8,8,6,5,9,6,9
5,6,8,6,9,6,5,6,9,9,8,5,8,7,5,5,8,6,5,8,5,8,7,8,8,6,8,9,8,6,9,9,8,8,8,9,9,6,6,7,5,9,6,8,5,8,7,9,7,7,8,9,0,9,8,9,6,9,9,8,7,7,6,7,8,5,8,7,9,9,6,5,6,5,7,7,5,7,8,8,9,9,9,6,5,7,5,5,5,8,6,9,9,8,8,9,9,6,7,8
6,5,7,5,5,7,7,8,6,6,8,8,6,6,8,8,8,9,6,6,9,7,7,6,7,7,6,8,6,7,7,9,9,5,7,9,6,9,6,8,5,7,8,8,9,8,8,8,5,5,6,5,9,0,6,8,8,8,6,7,8,6,9,7,9,9,9,9,6,9,9,6,8,7,8,6,7,9,8,6,9,9,7,8,6,5,6,9,7,6,8,5,5,6,7,7,6,9,9,9
5,8,7,9,5,8,8,7,6,5,6,9,9,9,8,9,8,5,5,8,7,9,6,9,5,8,6,6,5,5,9,7,9,8,5,5,6,7,7,7,7,8,8,7,9,8,6,5,7,8,9,5,8,6,0,6,6,7,7,8,7,7,6,7,5,5,8,5,5,8,8,7,5,8,7,6,9,5,8,9,7,7,5,9,6,6,9,8,8,6,9,8,9,9,9,5,5,5,7,6
6,8,5,7,9,6,8,6,5,5,7,5,8,7,6,5,6,7,6,9,6,9,6,9,9,5,7,6,8,7,5,8,8,7,8,8,7,8,9,9,7,7,7,8,9,8,5,6,7,9,8,8,9,7,5,0,6,6,6,7,9,8,7,8,8,9,8,7,6,9,8,8,8,7,6,7,8,7,8,9,5,5,6,9,9,8,6,9,5,6,6,6,5,5,5,6,5,9,8,8
5,6,9,7,9,6,9,6,7,5,6,9,8,6,6,9,7,7,8,5,8,9,6,9,7,6,7,8,7,5,6,9,8,9,9,9,6,8,9,7,8,5,7,9,5,7,8,9,8,6,9,7,5,8,5,6,0,9,9,5,7,9,6,8,6,9,7,6,8,7,7,8,8,8,6,6,8,6,6,9,5,8,7,9,5,6,8,8,9,9,8,9,6,8,7,8,6,6,5,5
8,5,9,7,6,8,5,9,9,6,6,9,8,5,5,9,6,7,8,9,5,8,7,9,9,8,6,9,5,7,5,6,6,5,5,9,9,5,7,7,6,9,9,7,7,8,6,5,8,7,7,9,8,5,5,9,8,0,5,8,8,6,6,8,7,6,5,7,7,9,5,5,6,9,5,8,5,9,9,6,5,7,6,5,7,5,6,8,5,5,6,5,8,6,9,6,9,5,6,6
7,5,8,5,7,7,5,9,7,7,9,5,9,8,8,5,5,5,5,7,5,6,7,7,8,5,6,9,9,9,8,5,7,7,8,9,8,5,7,5,9,6,5,8,5,5,5,5,8,8,6,9,5,9,6,6,8,6,0,7,7,6,6,5,8,8,9,7,6,5,8,7,9,7,5,7,8,5,9,6,7,9,6,5,5,7,9,5,7,6,7,5,6,8,5,8,7,6,6,5
5,7,8,9,5,6,6,7,9,6,7,5,9,9,9,7,5,6,9,5,8,9,5,5,8,7,5,6,6,6,5,7,8,9,6,9,6,6,5,9,6,6,5,5,8,6,6,7,9,8,8,6,7,6,6,6,7,8,5,0,7,5,5,5,8,6,9,6,9,8,9,6,8,5,9,9,7,9,9,6,6,6,8,6,8,7,9,5,7,7,5,7,7,5,8,8,5,6,7,9
8,5,6,8,9,6,5,5,7,6,9,6,8,6,8,5,7,8,7,5,7,9,8,7,8,7,8,7,7,6,8,6,6,5,7,6,9,9,7,6,7,9,8,6,8,8,9,6,6,7,6,6,8,7,6,9,6,9,5,7,0,8,7,7,5,7,8,5,7,9,7,6,7,6,5,7,8,6,7,8,5,8,7,5,5,5,7,7,9,8,8,5,9,9,9,8,5,6,7,9
5,8,6,6,9,5,8,5,8,9,8,8,9,6,9,9,5,6,7,5,5,5,5,9,6,6,7,8,6,6,6,6,8,7,8,6,6,5,5,9,7,6,8,9,5,9,5,8,9,5,7,8,9,6,8,9,7,7,5,7,7,0,9,8,7,8,6,9,6,8,8,7,5,6,7,8,8,7,5,9,6,6,9,9,6,8,8,7,6,9,8,9,9,9,7,6,7,7,6,6
8,9,9,9,6,8,7,7,6,8,9,6,7,8,9,6,8,5,7,8,9,8,7,7,9,8,8,5,8,5,5,6,6,9,5,6,7,9,7,8,6,6,6,8,9,6,6,6,5,6,8,7,9,8,7,9,7,6,5,7,9,6,0,9,5,7,8,5,8,7,7,9,8,7,9,6,8,7,9,7,7,6,6,9,6,7,8,6,7,7,6,9,5,8,5,8,9,6,5,5
6,5,8,8,8,6,9,9,5,6,8,6,8,9,8,5,8,7,7,8,9,6,7,6,6,8,9,9,7,6,6,6,7,8,6,6,8,7,6,5,7,8,6,6,8,9,6,5,5,9,9,7,9,6,6,9,7,7,7,5,7,5,7,0,8,9,6,8,9,8,6,7,5,6,7,6,6,5,6,7,7,6,8,8,7,6,9,7,6,7,6,8,5,5,5,7,6,5,8,6
6,5,6,7,9,7,9,6,7,9,9,9,6,5,5,8,9,6,5,6,5,9,7,7,7,8,7,9,5,9,9,5,6,5,6,6,9,5,9,5,7,8,9,7,7,6,7,9,5,7,8,5,5,6,6,6,8,9,5,6,5,9,6,7,0,9,8,8,5,9,8,8,8,6,5,9,7,9,5,9,5,5,7,9,7,6,9,5,5,8,9,8,5,5,8,9,7,6,7,7
8,8,6,5,6,8,9,8,5,7,9,6,8,5,9,5,7,5,8,5,5,8,8,7,5,5,8,8,8,5,6,5,7,7,5,7,9,6,7,8,7,5,5,7,9,7,5,9,5,7,7,6,8,6,7,5,5,9,5,6,5,6,5,9,5,0,9,9,5,9,7,6,5,7,9,8,9,8,5,7,7,9,8,7,5,8,5,6,6,5,9,7,9,6,6,7,5,5,5,7
5,7,9,5,8,6,6,8,8,7,8,7,9,6,7,6,7,9,5,6,5,7,8,5,9,9,6,9,6,7,7,9,7,8,6,9,5,8,8,8,6,6,8,8,6,7,7,7,8,9,5,6,9,8,6,8,9,9,5,8,5,7,7,6,5,8,0,9,6,9,8,6,9,5,6,5,9,8,9,8,7,7,8,5,7,6,5,9,9,6,8,5,5,8,9,8,9,8,7,8
8,7,5,7,5,8,6,6,8,8,7,9,9,5,7,6,6,6,5,9,9,9,5,9,6,8,5,5,5,8,5,5,6,6,5,9,6,5,5,8,9,9,6,5,9,9,5,9,5,8,6,7,8,7,8,9,7,6,6,7,7,5,5,5,7,6,8,0,7,5,8,9,6,6,6,9,9,7,9,9,6,7,5,5,7,6,8,6,8,7,6,7,5,8,7,6,9,8,6,8
8,5,7,9,7,9,5,6,7,7,8,6,7,6,5,9,6,5,7,8,9,9,9,5,9,5,8,7,8,5,5,6,6,6,6,5,5,6,7,8,6,6,9,5,9,5,5,9,8,8,9,8,6,7,9,8,6,7,5,6,5,7,7,7,6,7,9,6,0,9,9,9,5,7,9,7,7,5,8,5,9,5,9,9,5,5,6,5,9,6,8,9,8,6,5,7,8,9,7,8
6,5,9,9,9,9,9,6,6,9,7,8,7,6,5,6,6,8,7,6,5,7,9,9,6,9,5,8,6,6,9,7,7,9,9,8,6,9,9,6,6,5,8,9,9,5,7,6,5,9,6,9,7,6,8,8,6,9,8,5,8,5,9,9,5,9,5,7,6,0,7,5,7,8,5,9,9,9,9,9,5,6,8,8,7,5,9,5,6,6,6,6,6,5,9,8,6,6,9,9
5,9,5,5,8,8,8,5,6,6,9,9,6,9,8,8,9,7,7,8,5,8,9,6,9,5,9,7,9,7,8,8,5,5,9,5,6,8,9,8,7,8,9,9,6,7,5,6,6,6,8,9,8,5,8,6,5,9,5,7,9,6,6,8,8,6,9,6,9,7,0,6,6,7,8,6,7,9,9,9,7,5,8,5,8,9,8,9,9,6,8,5,7,7,7,9,6,7,5,5
5,8,8,6,9,9,6,6,9,9,6,7,5,9,7,7,6,5,8,9,9,6,9,9,6,7,8,8,5,9,9,9,8,9,9,9,6,6,5,8,7,6,9,9,5,6,9,8,9,9,8,5,9,5,5,8,8,9,5,7,5,8,6,5,5,6,8,6,5,8,6,0,9,9,9,7,7,6,9,9,9,7,5,8,5,6,8,5,8,8,5,5,7,6,8,7,9,5,8,9
9,8,7,8,6,8,8,6,9,8,7,6,8,9,5,9,5,9,6,9,6,5,5,8,9,8,8,7,6,7,8,7,8,5,5,6,5,7,7,6,7,7,6,9,5,8,6,7,6,9,7,9,8,9,8,8,8,9,8,7,9,5,5,6,5,5,8,8,9,8,9,7,0,6,9,7,8,8,5,7,5,6,6,6,7,5,8,9,8,6,6,7,5,9,9,7,6,7,5,9
5,5,7,7,7,9,9,8,8,7,5,5,7,7,8,6,8,9,7,6,6,5,5,7,8,5,9,8,6,7,5,5,8,6,6,5,8,8,8,7,5,5,5,6,6,5,5,7,6,8,9,7,9,9,7,9,5,5,9,6,5,6,6,6,7,9,6,6,5,8,7,9,5,0,5,5,6,5,8,5,7,5,6,7,8,8,7,6,9,9,6,9,8,8,7,7,8,9,8,8
7,9,8,7,8,6,9,7,9,8,6,9,6,9,6,6,8,9,8,8,5,7,7,7,8,8,8,5,8,8,6,7,6,9,8,8,7,8,9,6,8,9,7,5,7,7,8,9,6,6,8,9,5,5,8,9,6,6,8,9,7,8,9,6,6,8,7,6,5,8,8,5,5,6,0,9,5,5,6,9,6,9,9,9,6,9,7,6,6,6,9,7,6,5,9,9,5,9,5,8
9,9,6,8,8,7,8,8,8,5,7,8,9,6,7,5,8,9,7,6,9,7,6,5,6,6,7,9,6,7,9,6,5,8,5,6,7,6,5,9,6,9,7,5,8,5,7,9,7,8,5,6,6,9,9,7,8,6,6,7,9,8,6,6,6,6,8,6,6,5,7,7,8,7,5,0,5,9,5,7,6,8,8,7,7,6,7,9,5,8,8,8,6,9,8,5,8,7,6,9
6,6,6,8,7,6,8,7,8,9,9,7,7,9,9,8,5,6,9,9,8,6,7,7,8,7,6,7,5,7,6,8,8,6,5,9,7,5,5,6,8,5,5,6,9,5,5,6,5,9,5,6,7,6,5,9,8,9,9,9,5,6,7,6,7,6,9,6,8,5,6,5,6,8,6,8,0,5,6,7,7,6,9,7,5,7,9,5,6,5,5,5,8,5,5,5,6,8,9,9
8,5,8,7,9,8,9,5,9,5,7,9,7,6,6,8,5,9,6,9,7,5,8,6,8,9,8,9,5,7,9,5,6,7,8,7,8,6,7,6,7,9,5,5,8,6,8,6,8,6,5,7,6,9,6,7,7,7,9,5,5,5,5,6,5,7,7,5,8,9,5,9,6,5,7,8,5,0,7,8,7,6,6,5,8,7,7,9,6,5,5,9,5,7,6,6,7,8,8,5
6,8,8,8,8,6,5,5,6,7,8,7,9,8,7,9,8,9,6,9,8,8,6,9,7,5,9,7,5,9,5,9,6,7,7,8,7,8,6,7,6,6,7,8,6,7,9,6,9,7,7,7,7,9,6,8,7,8,5,8,7,8,5,6,7,9,6,7,6,8,6,9,7,9,7,7,5,7,0,7,9,5,7,7,7,6,7,6,6,5,9,6,9,8,8,9,8,5,6,6
7,6,7,5,6,5,7,9,8,6,9,7,5,5,6,7,5,5,7,5,9,7,5,6,7,7,7,6,9,9,9,6,9,5,9,8,8,6,6,7,8,8,8,9,6,6,5,8,7,5,9,7,7,5,6,5,6,5,8,8,7,6,9,8,7,7,8,9,6,7,9,8,9,5,6,6,8,5,9,0,5,6,9,9,9,5,6,8,8,9,8,7,7,8,7,9,7,8,5,7
9,7,6,7,9,5,6,7,7,9,9,7,5,6,7,7,8,7,5,7,5,8,5,5,7,5,7,9,7,5,9,8,8,8,5,8,5,7,9,8,9,9,6,9,9,6,6,6,6,5,6,5,7,7,6,6,6,6,9,9,8,6,5,7,9,6,9,7,5,8,6,6,7,7,8,6,7,6,5,5,0,8,6,7,7,9,9,5,5,6,9,6,9,7,5,5,7,9,8,9
8,7,9,5,7,8,9,7,5,8,5,9,5,5,9,5,6,8,7,8,5,5,8,5,6,6,7,9,7,6,6,6,8,7,7,8,9,6,9,9,9,6,5,7,6,9,6,8,7,9,8,8,6,5,8,7,8,8,8,6,5,5,5,9,7,8,5,8,8,5,6,5,8,8,8,9,5,6,9,6,5,0,9,6,7,7,8,5,7,8,9,9,5,7,8,8,9,5,6,9
7,9,8,9,7,7,8,9,8,6,9,7,6,9,6,6,5,8,7,6,8,8,7,9,8,6,6,7,5,9,9,8,9,6,6,7,6,9,9,5,9,8,7,6,9,7,7,6,6,7,8,5,8,9,6,9,6,8,6,5,6,5,9,8,7,5,8,5,7,8,9,5,9,7,7,5,6,6,5,5,8,9,0,6,7,6,8,5,9,5,7,6,7,8,8,9,8,9,8,8
8,9,7,9,8,8,7,6,5,6,5,7,9,8,5,7,6,8,6,7,9,5,8,9,9,7,6,7,5,7,8,5,8,7,7,6,5,5,8,9,8,6,9,7,9,5,6,9,8,6,8,9,7,5,9,7,6,8,5,5,6,5,5,7,8,9,9,6,6,8,6,5,5,6,8,7,6,5,9,8,5,6,9,0,9,9,8,7,7,8,9,5,7,5,7,8,8,5,6,9
5,5,9,8,9,9,7,9,5,6,6,5,5,8,6,9,9,6,6,8,9,7,7,8,6,8,9,5,8,8,5,7,5,6,9,8,6,8,9,5,7,9,7,5,7,8,9,8,8,7,8,7,9,8,9,8,8,6,6,5,5,7,5,6,6,9,5,9,9,8,8,5,6,6,6,5,9,6,5,7,8,5,6,5,0,5,8,7,7,6,6,9,5,6,9,5,9,8,5,9
7,8,5,9,5,9,7,5,8,6,9,8,6,5,8,6,9,5,5,6,7,6,8,7,7,8,7,8,6,6,6,6,9,7,7,9,7,6,6,5,7,7,9,5,6,8,8,5,8,7,5,9,7,8,6,6,9,7,6,6,6,8,9,7,5,8,8,8,7,8,9,8,9,9,8,9,7,7,6,9,5,7,5,9,5,0,6,8,6,5,6,9,9,9,9,8,9,8,6,9
8,5,9,7,9,8,6,5,8,9,6,8,7,6,7,6,9,7,9,6,9,9,6,8,5,8,9,9,9,5,9,6,5,7,8,8,6,9,6,6,8,6,5,6,9,8,7,8,6,8,9,6,9,5,5,8,8,6,7,5,8,7,5,7,9,5,7,9,7,8,5,9,6,8,7,7,9,9,8,7,6,5,7,6,6,8,0,7,5,7,5,5,9,7,6,7,6,5,7,7
8,5,8,5,8,7,9,9,5,7,8,9,9,7,5,8,8,5,9,6,6,8,7,6,7,8,5,7,5,5,6,6,6,7,5,6,8,9,8,8,6,8,6,7,9,5,6,7,6,7,9,6,6,6,5,5,8,6,8,5,7,7,9,5,6,6,7,6,7,8,5,8,6,5,5,7,6,9,7,6,7,7,5,8,6,9,5,0,5,6,9,8,6,6,8,6,8,9,6,6
8,8,9,5,8,6,5,5,5,6,8,8,8,8,6,7,9,6,6,8,6,5,7,9,7,5,9,6,7,9,6,7,5,8,9,8,7,7,7,7,6,9,9,8,7,6,9,8,5,5,6,6,8,7,9,7,5,9,7,7,7,8,7,6,9,6,7,5,9,7,5,7,9,9,7,7,6,8,6,6,5,5,6,6,8,9,9,8,0,9,7,8,7,9,9,9,7,6,8,9
6,8,9,9,7,5,9,7,9,5,6,6,6,8,6,7,6,7,6,7,9,7,9,6,6,8,7,7,5,9,9,5,7,9,5,8,5,6,8,6,8,7,9,7,7,5,7,9,8,6,8,5,5,5,5,9,8,8,7,8,7,6,6,5,5,6,9,7,7,8,6,9,8,9,9,6,7,7,9,5,6,8,9,8,5,8,9,6,9,0,5,9,7,9,9,9,6,5,9,6
5,6,9,6,9,5,9,7,6,6,8,7,5,9,6,7,8,7,8,5,7,6,7,8,7,8,8,9,8,5,7,5,8,5,8,8,6,7,9,8,5,6,8,9,5,8,8,8,7,7,5,9,7,9,9,9,9,6,8,6,6,9,8,6,9,7,9,5,6,7,5,6,7,5,9,5,7,7,7,9,9,5,7,5,9,8,8,9,6,8,0,9,5,8,8,6,5,7,7,5
8,9,8,7,9,7,9,6,7,9,8,6,6,9,9,6,5,7,7,6,6,9,9,8,7,8,5,8,9,8,8,7,5,7,9,5,5,8,7,8,5,6,5,9,7,7,7,6,8,6,5,8,9,6,9,8,9,5,5,6,7,5,6,9,5,6,6,9,9,9,6,7,5,9,5,9,8,5,6,9,6,9,9,7,7,5,7,8,7,5,6,0,5,8,6,6,9,9,6,8
6,6,7,6,9,5,8,8,5,5,5,5,8,9,5,5,7,6,9,6,5,8,7,7,9,8,5,9,8,7,5,9,7,6,5,8,8,7,5,7,9,6,7,8,7,5,7,6,7,6,8,8,5,9,7,7,9,5,7,6,5,8,9,8,9,5,8,7,8,7,6,5,5,6,7,9,6,8,5,8,6,9,6,7,8,6,8,7,8,7,9,8,0,5,8,6,5,7,9,8
6,6,9,7,5,9,8,8,8,6,8,6,5,5,8,5,5,7,6,9,7,7,5,8,6,7,8,5,7,9,7,6,7,5,8,7,6,6,6,8,5,8,9,5,5,6,9,7,6,8,6,7,6,9,5,8,5,6,6,7,6,8,5,8,9,7,8,5,6,6,9,9,6,8,8,9,7,5,8,5,8,5,8,8,8,9,5,7,9,9,6,9,5,0,8,7,7,7,5,6
8,7,9,6,5,9,6,6,7,6,6,6,5,7,5,9,5,5,7,9,9,6,6,5,6,9,9,8,8,5,6,6,6,8,5,7,9,9,7,9,7,7,7,5,7,8,5,6,9,8,7,7,5,5,7,6,5,8,9,6,5,8,8,7,5,5,9,7,7,7,5,5,7,8,7,6,8,5,8,8,8,7,8,9,8,9,5,5,6,8,7,6,5,6,0,9,9,9,5,5
7,9,8,9,6,8,6,9,7,8,5,7,5,5,5,7,7,9,9,8,5,9,8,6,8,5,8,5,6,8,8,7,8,9,5,9,5,7,6,6,7,9,8,7,5,5,6,6,9,9,6,9,9,6,9,8,5,7,5,6,9,6,8,8,9,8,9,5,9,6,7,9,7,8,6,6,5,5,6,7,8,7,5,6,7,8,7,6,9,7,8,8,7,5,6,0,5,5,9,7
7,6,6,6,7,7,6,7,6,5,8,7,5,6,8,7,6,5,6,6,6,5,7,5,7,8,8,7,6,6,5,5,6,8,8,6,7,6,7,9,5,5,5,6,6,5,8,7,8,8,9,9,9,8,6,6,8,6,8,9,8,8,6,9,9,7,5,6,7,6,9,5,8,6,5,5,9,6,9,7,5,6,8,7,7,6,6,8,7,7,7,6,7,8,6,6,0,9,5,7
8,9,6,9,7,8,9,6,7,7,5,6,6,7,6,8,6,5,8,7,8,6,7,9,9,8,8,7,9,5,9,5,8,9,5,8,9,6,6,8,8,9,9,5,6,5,6,9,5,5,5,6,6,8,9,7,6,6,5,8,5,6,7,6,7,9,7,7,6,8,8,9,8,9,9,8,7,7,8,8,7,9,6,9,9,7,9,5,9,8,6,8,6,8,8,6,6,0,7,7
6,8,8,7,7,6,5,8,7,8,5,5,9,8,6,5,5,9,8,6,9,5,6,7,8,6,5,7,9,5,8,6,9,9,6,5,9,7,9,7,9,9,6,7,9,8,7,5,5,7,8,6,8,5,8,6,6,5,9,5,5,7,8,7,5,8,5,5,6,5,6,8,5,5,7,5,8,9,8,5,9,5,7,6,6,6,8,9,6,5,9,8,8,9,7,6,6,9,0,7
5,7,7,8,9,6,5,6,8,7,7,7,7,6,8,5,9,5,6,5,8,5,6,9,6,6,7,9,5,7,6,9,9,6,8,7,7,6,8,5,6,9,9,6,8,7,7,6,9,8,7,5,9,9,8,9,6,8,6,7,8,5,5,5,6,8,8,5,8,6,8,7,6,6,9,9,5,9,5,9,9,5,5,7,5,5,9,5,8,8,6,8,9,5,6,5,8,9,5,0
