R=100
Pi=(19,17,17,16,17,12,13,14,12,19,16,12,15,16,19,12,10,11,19,11,11,13,16,15,16,19,15,18,13,11,18,10,13,12,11,11,13,11,10,16,11,14,18,14,11,16,17,16,11,15,15,12,18,15,11,16,10,12,10,17,17,15,11,10,10,15,19,12,15,17,19,18,11,13,10,16,14,12,13,10,12,19,17,17,15,16,11,17,10,14,11,10,11,12,18,16,13,17,13,16)
A=
1,2,0
2,3,0
5,6,20
6,7,26
8,9,20
9,10,0
11,12,0
12,13,0
13,14,0
17,18,0
18,19,29
19,20,0
21,22,0
22,23,0
26,27,30
27,28,0
29,31,0
32,33,0
34,35,0
35,36,22
36,37,0
37,38,0
38,39,0
39,40,0
40,41,33
42,43,0
43,44,26
45,46,24
47,48,0
49,50,0
52,53,28
53,54,0
54,55,28
58,59,26
60,61,25
61,62,35
62,63,0
64,65,39
65,66,35
66,67,28
67,68,35
69,71,0
73,77,36
78,80,25
83,85,0
85,87,32
88,90,26
90,92,39
92,94,22
97,99,35
Sij=
0,11,13,14,11,12,12,14,10,14,10,14,14,10,12,14,13,14,11,12,10,10,11,14,13,12,14,12,12,11,12,10,10,10,14,14,11,11,11,11,11,12,13,13,12,13,10,12,14,12,14,13,13,12,10,13,10,13,10,14,12,10,11,14,12,10,13,14,11,13,13,11,13,10,10,13,11,13,12,14,11,12,12,10,12,13,12,12,14,10,13,13,10,11,13,11,10,14,10,12
10,0,11,10,10,14,12,10,13,12,12,12,12,11,11,12,10,13,10,12,13,13,11,14,11,10,10,11,11,12,14,12,12,12,14,14,10,11,11,11,14,13,13,14,11,13,11,12,14,13,13,13,14,11,12,14,13,11,14,10,14,11,14,11,13,14,14,10,11,11,12,13,11,14,12,10,14,12,13,12,13,12,12,12,14,11,13,10,10,10,11,13,12,10,12,13,14,12,11,11
13,11,0,10,12,11,14,11,10,14,11,14,11,13,11,11,11,14,11,12,11,11,13,10,10,10,14,11,10,11,14,11,11,10,11,13,12,12,14,11,14,14,12,11,13,10,14,10,10,14,11,13,12,10,14,10,10,10,10,11,11,13,11,13,14,10,12,10,12,12,14,14,14,10,12,12,13,12,11,14,10,14,10,11,14,10,14,11,11,10,13,11,11,13,14,10,13,13,11,12
12,14,13,0,12,10,12,14,11,12,12,11,13,14,10,10,12,13,10,14,14,11,11,14,11,14,12,12,11,10,11,14,10,10,13,11,11,10,13,11,12,11,12,13,14,14,10,12,10,12,12,12,13,14,12,11,11,10,12,12,12,10,12,11,11,12,11,12,10,14,14,11,14,13,11,12,13,12,14,11,14,14,12,14,13,13,11,10,13,11,10,10,13,10,13,12,13,11,12,11
12,13,12,11,0,12,10,13,14,12,14,13,13,10,10,13,13,12,13,12,12,11,11,14,13,14,13,12,14,10,14,14,12,10,13,13,10,12,10,11,12,10,11,12,13,13,11,10,13,11,14,14,14,13,10,14,11,14,14,11,13,13,13,13,13,10,10,13,11,11,12,11,12,12,14,11,14,13,10,14,12,13,14,13,11,10,14,13,10,13,11,11,12,13,12,14,12,13,13,13
13,13,13,11,13,0,13,12,12,13,13,14,13,13,14,14,10,13,14,12,13,11,11,13,13,14,11,13,13,14,10,13,11,14,11,11,14,14,12,10,12,13,11,10,11,13,13,13,13,14,12,10,12,11,10,12,11,14,10,11,12,14,13,13,13,14,13,13,11,13,14,10,11,14,14,10,14,11,11,14,11,12,10,13,11,14,11,14,14,14,14,10,14,10,12,13,14,12,11,11
14,10,11,14,10,11,0,14,12,11,10,12,10,13,10,10,14,14,10,12,13,13,13,13,12,14,14,11,10,11,11,11,12,14,14,14,10,11,10,12,10,10,13,13,13,11,13,11,13,14,13,13,13,10,13,13,11,11,13,10,11,10,13,10,10,14,10,11,13,11,10,12,14,12,11,13,14,10,10,10,11,12,13,10,13,12,12,11,10,11,13,13,13,14,10,14,11,12,12,14
11,11,13,11,14,11,14,0,10,13,10,13,10,11,13,14,14,12,12,12,12,12,14,10,12,13,11,14,14,11,12,11,11,13,10,14,14,14,11,11,12,13,11,12,10,12,12,12,14,10,11,12,13,10,14,12,11,11,11,13,12,11,14,14,11,13,12,12,11,13,10,14,10,11,10,13,10,11,14,14,10,14,14,14,10,14,12,11,13,13,12,12,13,12,13,10,14,12,11,12
10,10,10,11,10,11,11,12,0,14,10,11,10,11,11,13,13,11,10,14,12,10,10,14,12,11,12,11,13,13,14,14,13,10,12,13,14,13,13,13,13,12,10,11,12,11,11,11,11,14,14,13,13,13,13,11,14,11,13,10,13,10,13,14,10,11,13,10,13,12,13,14,13,11,10,14,10,14,11,11,14,10,10,14,13,10,10,10,11,10,14,13,10,13,10,13,13,10,11,10
13,11,12,13,10,10,10,12,12,0,14,11,10,14,11,10,12,10,14,10,14,10,13,13,13,13,14,14,10,10,12,11,14,12,11,12,12,13,11,13,13,10,13,12,12,14,13,14,13,12,13,13,14,10,11,10,10,13,14,10,10,10,14,11,14,13,11,12,13,13,13,14,13,10,12,13,11,10,11,13,10,10,10,12,12,14,11,14,10,10,12,14,13,10,13,12,10,12,12,14
12,10,10,10,14,14,14,14,12,13,0,13,14,11,10,10,14,10,12,13,14,11,12,11,12,11,13,10,12,12,10,13,14,12,12,11,14,14,10,13,13,10,11,11,12,12,12,12,13,10,13,12,13,13,12,12,10,13,13,13,10,13,11,12,12,10,13,12,14,14,11,10,10,13,10,14,10,10,14,10,13,10,12,12,13,12,14,11,14,10,10,10,11,11,12,14,14,14,14,12
13,14,13,13,14,13,12,14,12,13,12,0,14,14,12,14,10,11,14,13,14,10,12,13,14,13,10,13,13,11,11,10,11,10,11,11,13,11,13,12,10,10,14,13,11,12,10,10,13,11,12,13,14,10,14,12,10,11,14,14,13,14,13,13,11,12,11,13,13,10,11,13,12,11,13,14,10,14,12,11,12,14,14,11,13,12,10,10,11,14,11,11,12,14,13,10,11,10,11,13
11,11,12,12,10,14,10,13,12,10,11,11,0,14,13,11,14,10,11,10,14,12,10,12,13,14,14,10,13,12,12,12,14,12,13,14,11,12,11,11,14,11,12,13,10,13,14,12,14,12,14,10,14,10,12,10,11,14,13,13,11,13,12,10,14,13,11,14,10,13,10,11,13,10,10,12,10,11,12,10,10,12,11,11,13,12,12,14,14,13,13,11,13,13,10,10,14,11,14,11
11,14,11,10,11,12,11,14,10,10,10,14,11,0,13,12,14,11,11,12,12,11,12,14,12,10,13,13,14,10,14,12,13,12,10,13,10,10,11,14,10,10,13,13,13,12,13,10,10,11,11,14,13,13,11,10,14,10,13,14,12,14,11,13,10,12,11,11,11,14,11,13,10,11,12,11,12,13,10,10,11,13,13,13,14,10,14,14,11,14,14,10,11,11,12,10,13,14,13,11
10,12,13,10,14,12,13,11,11,14,12,11,14,13,0,13,13,11,12,14,14,12,12,10,11,10,11,11,13,14,11,13,13,14,14,14,14,10,13,14,11,12,13,13,11,11,13,11,12,13,13,14,10,14,14,13,13,12,12,10,12,11,10,12,14,11,14,11,14,14,14,13,13,13,13,12,14,13,13,10,11,14,13,10,10,11,12,14,14,11,11,11,13,12,12,10,12,11,13,14
12,11,11,13,14,10,11,12,10,12,14,14,13,11,13,0,12,12,14,11,12,13,14,11,13,12,12,10,10,10,13,10,13,14,13,12,10,13,14,10,10,10,10,13,12,11,11,13,11,14,14,12,12,14,10,11,12,10,13,11,12,14,11,11,12,12,10,10,14,14,13,14,12,14,11,12,12,10,14,11,11,13,14,10,11,10,12,14,13,12,14,10,10,13,13,10,13,13,11,10
11,10,13,11,11,10,10,13,12,13,13,11,11,11,14,13,0,14,11,10,11,14,11,11,12,14,12,14,13,10,10,14,14,14,13,10,10,10,12,13,10,14,14,11,10,13,13,13,13,13,10,10,12,13,14,10,14,14,11,12,13,10,11,12,12,13,14,12,12,10,14,13,12,12,14,11,14,10,11,13,11,13,10,10,14,14,11,10,14,12,11,11,13,10,10,10,13,12,13,12
14,10,11,12,14,12,13,10,13,13,11,13,13,13,11,14,14,0,11,12,13,11,13,13,14,14,13,10,12,11,14,13,12,11,13,14,10,12,13,11,12,10,11,12,11,11,12,13,14,13,10,10,11,14,10,10,10,11,12,13,11,12,11,13,14,14,13,12,14,14,10,12,11,10,14,12,14,11,12,12,12,14,10,13,11,13,11,12,11,13,13,14,10,10,14,10,14,13,12,11
12,10,14,14,12,13,13,11,14,13,10,13,14,14,10,11,11,12,0,12,10,13,11,10,10,10,11,12,11,10,14,12,11,13,11,10,12,10,10,10,13,10,14,12,13,12,14,14,11,14,13,13,12,10,12,13,11,14,13,13,11,11,12,11,10,10,13,14,13,13,13,10,11,11,14,10,13,13,12,12,11,11,11,12,11,11,10,11,11,12,14,13,12,11,14,11,13,13,12,13
14,14,11,12,10,13,12,10,11,11,10,12,11,10,12,14,10,14,14,0,14,14,12,13,10,14,10,12,14,11,12,12,14,10,14,13,11,10,13,11,12,13,10,14,10,12,11,11,12,13,10,11,13,14,13,13,12,11,11,12,10,11,13,13,13,14,11,12,11,12,11,14,11,13,11,10,14,12,12,12,13,13,10,10,11,10,14,10,11,10,11,14,13,11,10,11,10,11,10,10
11,13,14,14,12,11,10,14,12,13,14,14,14,13,13,12,10,13,11,13,0,10,11,10,10,11,12,10,14,12,10,10,12,11,12,11,14,13,10,12,10,10,14,12,13,11,11,10,10,13,13,10,12,14,12,10,10,13,13,13,14,10,10,12,12,12,12,13,11,11,13,13,10,10,11,13,11,13,11,14,14,12,10,11,14,14,13,12,13,11,11,11,14,11,12,10,14,12,10,10
13,12,13,13,14,14,10,11,13,14,14,11,11,14,14,12,10,14,12,13,14,0,10,14,10,10,12,13,13,12,11,13,14,12,10,10,12,13,11,11,14,13,11,13,13,12,14,14,10,12,10,14,10,14,12,11,13,12,12,12,12,10,11,14,12,11,10,14,10,13,12,13,13,12,12,14,12,11,10,12,11,12,13,11,11,11,13,14,10,14,12,14,10,14,14,14,11,11,10,12
12,10,14,12,10,11,11,12,12,13,13,12,11,10,11,10,12,10,12,11,12,10,0,13,11,11,12,12,14,12,13,12,11,10,13,10,11,13,10,10,10,14,10,12,12,10,10,12,10,12,14,11,11,13,14,10,11,11,12,11,12,13,12,14,13,10,12,11,13,14,10,12,11,14,12,11,12,13,11,11,10,10,12,11,13,12,11,12,11,12,13,14,10,14,12,12,12,10,13,11
12,13,13,10,12,11,14,11,11,12,13,12,10,10,10,12,11,10,10,11,14,14,10,0,10,11,10,11,12,12,10,13,11,10,14,13,12,11,11,13,12,12,10,11,13,14,10,14,10,13,10,10,12,14,11,12,12,13,12,14,12,10,11,14,10,13,11,12,10,11,13,11,14,11,13,13,13,13,11,11,10,10,11,13,11,14,11,11,13,11,10,14,13,11,11,11,10,11,10,14
12,13,14,13,10,13,11,10,10,12,13,14,11,11,14,11,14,13,12,11,11,14,13,13,0,11,13,13,12,10,12,12,12,12,12,13,11,11,13,12,13,13,11,11,10,12,11,12,11,12,14,12,12,13,14,13,13,14,10,12,12,14,13,14,13,10,11,12,14,13,12,10,11,10,13,12,14,13,12,10,14,11,11,10,11,10,10,13,12,14,10,11,10,11,10,13,10,12,12,10
11,13,13,13,14,14,11,12,10,12,13,14,11,14,12,10,13,12,13,13,14,12,14,10,12,0,10,14,10,10,10,12,12,10,12,13,10,12,13,10,11,13,12,13,10,10,10,14,11,13,14,10,12,13,14,10,14,13,12,10,13,14,11,12,14,14,10,14,14,10,11,13,14,12,11,14,12,13,14,14,12,10,13,11,10,14,10,13,10,11,14,11,14,12,11,12,12,10,13,10
10,10,14,10,12,11,10,14,12,10,13,10,14,13,12,13,11,14,11,14,14,11,13,13,11,14,0,13,12,10,14,11,11,10,13,13,11,10,13,14,14,14,10,11,10,12,14,12,11,14,13,11,13,14,13,11,13,12,11,14,12,13,13,13,13,14,12,10,10,14,11,12,12,10,12,10,13,10,13,11,11,12,12,12,12,12,12,11,11,11,10,14,14,14,11,10,11,12,12,10
14,14,11,11,13,11,13,13,11,13,13,13,13,14,12,10,10,10,11,10,11,11,14,13,14,11,12,0,13,13,11,13,11,12,12,12,12,10,10,14,11,14,14,14,12,13,11,10,10,11,11,14,11,11,12,14,13,14,13,11,11,14,14,14,10,14,12,10,11,12,10,10,10,10,14,11,11,11,11,10,13,11,11,12,11,11,12,10,10,13,13,12,12,13,12,11,14,14,14,12
10,10,14,12,11,11,14,10,11,11,12,11,13,12,13,10,12,12,12,13,11,12,10,12,13,12,13,11,0,12,13,11,11,12,13,14,12,11,14,10,10,11,12,13,14,10,11,14,14,14,12,14,12,12,10,10,13,10,11,13,14,13,13,12,12,10,10,14,14,12,11,13,12,12,11,11,14,13,11,12,11,13,13,11,10,13,13,14,11,12,11,12,10,10,11,12,13,14,10,14
10,12,14,11,13,13,11,10,10,13,11,14,13,14,11,10,14,11,12,14,11,10,12,11,11,13,13,12,10,0,14,12,10,12,12,11,14,13,11,12,11,11,13,14,13,11,12,13,10,13,10,13,12,12,11,12,14,10,13,10,14,10,14,14,10,10,10,11,11,12,12,11,12,13,10,12,13,11,14,14,13,10,12,13,10,11,10,12,11,14,12,14,10,11,13,11,12,13,13,12
10,10,12,12,10,13,10,13,11,13,14,12,11,13,11,14,12,10,14,14,10,13,10,11,10,13,11,11,10,14,0,10,14,13,11,13,13,12,14,12,11,10,11,11,12,10,14,12,11,14,13,13,12,14,13,12,12,14,10,12,12,12,14,13,11,12,10,14,14,14,13,11,12,12,12,14,13,11,12,11,10,10,14,11,11,11,13,14,14,13,11,13,11,12,10,14,10,12,14,10
14,10,13,12,11,12,10,14,12,13,13,10,12,14,12,11,12,12,12,10,14,11,14,10,13,14,14,10,11,12,13,0,10,12,12,11,14,12,12,10,14,10,13,11,10,10,10,11,12,14,14,12,12,10,13,10,13,10,12,13,11,12,10,13,14,14,12,13,14,12,12,13,14,12,12,10,10,14,13,10,13,13,12,11,12,10,11,10,13,11,13,14,10,14,14,12,10,10,11,11
12,12,11,10,11,10,13,10,12,13,14,13,11,11,10,13,10,13,10,14,13,12,14,12,13,13,13,10,13,10,14,10,0,12,12,12,11,11,12,14,12,12,10,12,10,12,14,12,13,13,11,11,11,14,12,12,10,12,14,11,13,11,12,11,12,13,14,10,14,13,14,11,13,14,12,12,12,14,13,10,14,11,14,11,12,13,13,10,10,14,12,13,12,10,11,10,14,14,10,12
13,14,13,14,14,14,13,12,12,14,10,10,14,13,12,11,11,10,14,13,14,13,10,14,10,11,13,12,12,12,12,13,14,0,10,12,14,12,14,12,12,14,11,13,10,14,12,14,14,13,14,14,13,14,12,12,14,14,14,14,12,11,11,14,14,11,11,11,13,11,12,13,11,12,11,13,13,10,14,14,13,11,14,13,13,12,14,13,11,13,12,10,13,10,14,11,13,11,13,14
13,10,11,12,11,10,12,10,13,14,13,14,14,14,10,10,11,12,11,12,12,12,14,14,13,11,10,11,13,14,14,12,11,14,0,11,12,10,11,12,12,10,13,10,12,14,13,10,13,10,14,10,10,10,11,11,10,11,11,14,14,10,11,12,13,14,11,13,10,13,12,14,14,10,13,11,14,12,12,10,10,10,11,10,13,14,14,11,14,13,10,11,14,12,12,12,14,10,12,13
12,10,10,14,12,14,10,10,11,10,12,12,14,10,13,14,13,10,13,13,10,14,13,11,13,11,10,12,12,11,12,13,10,13,12,0,10,14,12,12,14,14,13,10,14,11,12,12,14,14,13,13,13,11,13,13,12,11,14,11,11,13,13,13,14,13,13,12,10,12,13,14,11,12,13,13,11,14,13,10,10,13,11,13,13,12,13,12,12,10,14,13,10,10,11,10,11,14,10,11
13,10,11,11,10,13,12,10,12,14,11,13,13,14,11,12,12,14,10,11,14,10,10,10,13,14,14,11,11,12,12,11,14,11,11,14,0,12,14,12,14,10,12,14,12,13,11,14,10,13,13,13,11,14,13,11,12,10,11,13,10,14,11,13,14,12,14,14,11,12,11,10,13,12,10,11,12,11,12,12,11,14,13,12,13,14,10,12,10,14,14,14,10,11,11,10,14,13,14,10
13,12,13,13,12,12,14,13,14,12,14,11,12,14,11,11,10,13,10,14,11,12,13,11,13,11,10,11,11,10,11,13,11,12,13,14,11,0,10,10,11,10,12,13,13,10,12,12,11,14,10,14,11,13,10,14,10,13,11,10,10,12,12,12,13,10,11,14,14,10,12,14,10,13,13,14,14,14,14,11,10,14,13,12,11,11,10,14,11,12,12,10,10,14,14,13,12,14,14,12
14,13,12,11,12,10,13,12,14,10,10,11,14,14,10,10,13,10,11,12,10,11,13,12,12,11,13,11,13,14,12,14,14,11,12,12,11,12,0,10,10,12,12,10,11,12,11,11,10,14,14,14,11,13,12,12,12,14,10,13,10,11,12,13,14,12,11,11,12,12,12,13,11,10,10,14,12,11,12,14,10,10,13,11,14,14,11,10,12,14,14,12,11,13,14,13,10,14,10,13
11,10,14,13,11,10,13,10,12,13,10,11,12,10,13,14,13,10,14,14,11,10,13,12,12,10,12,13,11,12,13,13,10,13,13,10,11,10,14,0,14,11,10,12,14,14,12,14,10,10,14,14,14,14,10,11,11,11,11,10,11,12,14,14,10,14,11,11,13,12,12,13,13,11,10,13,11,12,14,13,10,10,12,13,11,12,13,13,10,12,12,13,14,14,13,11,12,10,12,10
12,11,11,12,12,11,11,13,14,12,10,13,12,13,10,10,10,11,13,13,10,13,11,11,10,14,14,14,12,13,10,10,10,13,10,13,14,14,10,10,0,11,10,13,12,11,13,10,11,14,13,10,10,12,13,14,14,10,10,12,13,11,12,10,10,11,10,13,13,12,11,11,11,10,13,12,10,14,13,14,12,13,12,14,14,13,14,12,11,14,11,13,13,12,12,13,14,14,13,11
11,10,11,14,12,11,14,10,14,11,13,14,11,10,10,14,14,12,11,12,11,12,11,14,10,12,12,14,12,14,12,11,11,12,13,11,12,13,11,12,13,0,14,13,14,11,12,11,13,11,13,13,11,12,10,14,14,13,12,13,10,14,10,12,14,13,12,13,14,12,13,12,11,10,13,14,11,13,11,13,13,10,13,12,14,11,11,13,11,12,13,13,14,14,11,13,13,12,14,11
13,13,12,10,13,10,12,11,14,11,12,10,11,14,10,14,10,12,12,13,12,13,12,12,13,10,12,11,14,10,10,14,14,10,14,14,13,13,13,13,13,14,0,14,14,14,13,11,10,14,11,12,10,14,11,13,10,11,14,12,13,13,11,12,13,10,13,11,11,10,10,11,12,13,13,14,13,13,12,13,10,13,12,12,12,13,10,10,13,12,13,12,13,10,10,10,12,12,11,14
11,12,10,10,13,14,14,11,10,11,10,11,14,11,12,10,10,13,14,10,10,12,12,13,11,13,12,11,13,12,12,10,12,13,12,12,12,12,14,12,13,13,14,0,11,11,12,13,12,13,10,10,13,12,10,13,13,14,11,13,10,12,13,13,12,14,14,13,11,13,14,12,13,14,12,12,12,13,11,11,13,14,14,13,13,12,13,13,12,14,13,13,11,13,14,10,10,10,11,12
12,13,12,14,14,13,12,14,10,13,11,10,12,14,14,10,12,14,10,10,10,11,11,11,14,10,10,14,14,11,12,11,11,13,14,10,12,10,13,14,10,13,13,13,0,12,13,10,11,13,13,12,10,10,11,11,11,12,10,14,14,12,12,14,13,11,14,13,14,10,14,12,11,11,10,10,11,13,12,14,10,14,14,10,11,13,12,11,14,11,13,12,12,11,14,12,12,14,14,12
13,14,11,10,13,11,11,13,14,10,10,12,14,11,13,14,13,12,13,14,14,13,13,12,12,12,10,10,11,13,13,12,13,10,11,11,12,13,11,10,12,13,11,13,11,0,10,12,10,13,14,13,14,10,14,13,14,10,14,13,11,10,11,11,11,12,12,14,14,10,12,11,14,10,13,12,10,11,10,10,11,14,14,11,12,14,13,11,13,11,11,10,13,14,10,14,11,11,14,11
13,11,12,10,11,12,14,14,12,12,12,13,10,13,11,11,10,14,14,12,14,11,10,13,13,11,13,14,14,13,10,14,11,13,11,10,12,13,10,14,14,14,14,11,14,12,0,14,14,13,14,14,11,12,12,11,12,10,14,12,14,14,14,14,13,11,13,12,11,11,10,14,11,13,10,12,10,12,13,14,11,12,13,11,10,14,14,11,14,11,14,10,12,11,11,14,10,14,10,14
10,10,12,12,12,10,12,13,12,14,11,14,11,10,10,12,11,13,14,14,12,11,12,10,12,10,11,14,12,10,12,10,11,14,13,10,14,10,13,10,11,10,14,10,10,14,13,0,12,10,14,13,12,14,11,12,13,12,12,10,12,13,12,10,11,11,10,13,12,12,10,12,10,14,13,12,11,12,12,14,12,12,14,13,12,12,10,11,10,11,14,12,12,14,11,11,14,14,13,13
14,11,10,10,10,12,12,12,11,14,10,11,10,12,13,14,14,13,13,14,11,14,13,10,12,12,10,10,12,11,13,11,13,14,10,11,11,14,13,10,14,12,14,10,11,13,12,14,0,11,11,12,10,11,14,11,14,12,14,12,13,12,11,10,14,11,13,12,11,12,11,13,14,10,12,14,14,14,12,14,14,14,10,14,10,13,12,14,14,12,10,13,12,11,14,13,13,12,10,14
12,10,10,12,10,13,13,14,14,14,12,14,10,10,13,13,11,12,14,10,13,13,13,14,11,13,11,12,11,13,10,12,14,13,11,14,13,12,14,12,10,13,10,14,10,10,13,11,13,0,10,12,10,12,10,10,14,11,11,11,11,12,10,13,10,13,14,10,11,13,13,14,13,13,11,14,10,13,13,13,10,14,14,14,10,11,10,14,13,13,12,12,12,11,12,10,10,10,14,10
10,10,11,13,14,10,13,12,10,10,14,11,13,12,10,12,13,11,12,14,13,10,11,13,11,11,12,12,11,11,14,10,13,12,13,10,13,10,14,14,13,12,14,13,13,10,13,14,10,14,0,11,14,12,14,12,10,13,13,11,12,13,10,11,13,11,14,12,11,14,10,13,12,11,12,11,11,11,13,14,11,13,13,12,11,10,10,12,13,10,13,12,14,14,11,11,12,11,10,12
13,12,12,14,14,11,14,12,14,13,10,14,14,13,10,14,14,13,14,13,10,11,14,11,10,13,14,13,14,11,13,10,10,11,11,13,10,13,12,10,10,12,12,14,14,14,12,10,13,12,11,0,13,11,11,11,12,13,11,13,11,11,11,13,13,10,10,13,13,12,12,14,10,11,14,13,13,13,14,11,11,11,13,14,12,14,14,14,14,10,14,14,14,14,10,13,14,14,13,14
14,11,14,13,11,12,10,12,11,13,13,13,14,10,12,10,13,11,11,14,10,10,13,12,13,13,10,11,10,11,13,13,14,14,12,10,11,10,13,14,13,11,13,11,12,10,14,14,12,10,10,12,0,13,14,13,13,12,11,14,12,12,14,11,10,14,14,13,14,12,12,13,12,13,11,11,14,12,12,10,12,13,10,13,14,10,11,10,10,11,13,12,10,10,10,11,13,14,12,11
13,12,14,11,10,12,12,13,11,12,14,10,10,11,11,13,11,11,12,14,12,13,12,12,14,14,13,12,12,10,13,14,14,10,12,10,14,14,12,12,13,12,14,13,12,12,12,13,13,11,14,11,12,0,13,13,14,14,11,11,11,14,10,11,10,14,10,10,14,13,11,14,12,13,10,10,10,13,14,10,11,11,14,13,10,10,11,11,11,11,12,10,12,12,11,12,13,11,13,13
12,11,13,10,12,12,12,13,12,12,13,11,10,11,10,14,14,11,10,10,13,13,14,12,11,11,12,14,12,12,12,13,10,10,13,14,13,14,11,13,13,13,14,13,13,11,10,10,12,11,12,11,11,13,0,10,13,12,10,14,11,14,13,10,14,10,14,11,14,12,10,11,10,14,11,11,14,14,11,14,14,10,11,11,10,14,10,12,11,14,10,12,12,10,10,13,10,12,14,13
13,10,10,12,12,10,12,11,14,11,10,13,10,11,14,10,13,11,10,14,14,11,14,14,12,12,13,10,14,13,11,12,14,12,10,14,10,13,14,10,12,13,13,10,14,11,11,11,10,10,10,13,12,14,14,0,11,10,10,10,14,11,11,12,11,14,13,14,13,10,14,14,14,12,14,12,10,13,14,10,11,10,12,14,14,12,12,14,14,13,13,13,14,13,14,13,10,11,12,10
10,12,13,10,10,10,10,11,12,12,14,13,11,10,13,13,13,12,13,13,12,13,14,14,12,11,10,11,12,10,12,13,11,14,10,14,11,12,14,13,12,10,12,12,14,10,12,14,14,10,10,13,13,13,12,11,0,13,14,12,14,10,14,14,11,14,10,11,12,14,14,12,11,13,10,10,11,11,11,10,11,13,10,11,11,10,14,10,12,11,13,11,12,14,14,12,13,11,10,13
14,14,10,14,10,13,13,14,13,12,11,14,12,14,11,10,14,12,12,10,10,10,13,11,11,13,14,11,13,12,12,10,11,13,10,12,13,11,10,12,11,14,12,10,10,13,14,13,13,13,12,10,13,14,12,13,10,0,14,13,12,14,12,11,10,10,10,13,13,13,14,12,13,11,14,14,10,12,13,10,12,14,11,12,14,14,12,11,12,10,11,11,14,12,13,13,14,12,11,14
14,10,10,14,14,11,14,13,13,10,11,11,11,13,11,13,12,14,12,10,12,14,11,13,11,12,12,10,13,11,14,13,11,13,11,11,14,11,13,12,10,13,13,11,13,10,10,11,11,10,11,14,10,10,12,10,14,11,0,13,12,14,13,10,12,10,13,14,13,11,14,13,10,11,14,10,14,10,14,10,10,12,11,13,12,14,10,12,10,11,11,12,13,13,11,13,12,13,10,11
14,11,12,14,12,11,10,12,11,10,13,14,14,10,12,14,12,14,12,12,10,11,13,11,14,11,10,12,10,11,12,10,10,13,11,14,10,11,11,11,14,12,11,10,13,12,13,12,10,11,10,12,10,13,11,12,12,10,14,0,10,10,13,12,10,12,12,13,11,14,13,14,10,13,11,12,12,10,13,12,12,13,13,11,13,10,10,14,11,11,13,11,14,12,10,10,11,14,10,13
11,13,11,12,12,11,10,14,14,10,13,12,14,12,11,12,12,11,14,14,12,12,12,14,11,11,10,13,12,11,11,13,14,10,11,14,12,10,13,11,10,11,10,11,13,10,12,11,10,12,12,14,10,10,11,13,11,11,11,10,0,11,11,11,12,13,10,12,13,11,12,10,11,12,12,14,11,11,10,11,10,13,13,13,14,13,12,12,13,14,12,12,10,14,13,10,13,14,12,13
12,13,14,10,12,12,11,11,13,11,10,12,11,10,10,12,12,13,11,14,11,12,14,14,13,14,10,12,14,11,11,11,14,12,13,12,14,12,10,12,12,11,14,12,13,10,11,14,13,10,12,10,13,13,11,14,14,14,12,12,12,0,13,11,11,10,13,12,13,11,13,12,14,12,14,11,14,13,11,10,12,12,10,13,14,13,10,13,11,10,13,13,10,10,12,14,13,14,13,12
10,12,13,13,14,12,13,12,14,11,12,11,12,13,14,10,12,10,12,12,14,10,11,13,12,10,12,14,14,14,13,10,10,13,10,14,14,11,13,11,10,12,14,14,13,12,10,12,11,12,12,13,12,10,13,14,11,14,10,14,10,13,0,12,10,13,11,11,13,12,14,10,10,11,10,11,11,11,12,10,10,14,10,13,12,11,14,12,14,10,10,13,14,10,14,10,11,14,13,11
11,10,11,14,11,12,11,11,12,13,11,13,13,14,10,10,10,10,10,13,13,14,11,13,11,10,10,14,12,14,10,11,12,11,14,14,12,10,11,10,14,12,10,11,14,12,10,10,14,13,10,11,14,10,12,11,14,13,12,10,11,12,14,0,12,13,14,10,12,10,11,12,14,14,10,14,10,14,10,13,13,10,10,14,13,13,13,12,12,13,12,14,13,13,10,13,12,13,12,12
14,12,12,14,13,10,11,11,13,11,11,11,13,14,14,10,11,12,10,13,14,11,13,14,12,11,14,11,13,11,11,12,12,12,14,11,13,10,11,12,12,12,14,10,11,10,11,13,14,14,12,10,12,13,13,12,13,13,12,11,11,10,12,11,0,14,14,14,11,10,12,12,11,10,12,11,12,12,12,12,12,10,10,12,13,14,11,14,13,14,11,12,14,13,10,11,11,14,12,10
12,11,14,13,11,12,11,14,14,11,10,10,11,10,14,10,10,13,14,11,13,14,10,11,13,10,12,12,10,11,10,13,10,11,10,10,10,12,10,11,13,11,10,11,13,11,11,13,13,14,10,12,10,10,12,12,10,13,14,10,14,13,14,13,11,0,12,14,14,10,14,10,13,12,12,13,11,14,14,13,12,14,13,14,11,10,12,13,14,14,12,14,12,12,14,11,10,12,11,10
10,11,11,12,13,14,12,10,12,12,10,13,11,14,12,11,10,13,12,13,13,14,14,14,13,14,12,10,12,11,12,13,12,13,12,10,12,10,10,12,12,12,10,12,13,13,13,12,10,13,10,12,10,13,11,11,12,11,14,14,11,11,12,11,10,11,0,11,12,11,11,14,14,12,10,10,11,13,12,10,14,11,14,14,14,10,10,13,13,12,11,13,10,11,11,11,11,10,14,12
12,12,10,10,13,14,10,14,14,13,14,12,14,10,14,13,11,11,12,10,10,12,12,10,10,13,13,13,11,14,13,11,13,10,13,12,10,14,11,10,14,10,14,10,12,14,13,14,12,12,14,14,12,14,12,14,10,10,10,10,10,12,12,10,14,13,13,0,14,12,12,12,12,10,11,10,14,13,12,12,10,14,13,11,13,14,14,13,14,13,14,11,10,13,10,14,12,12,13,10
14,11,14,12,14,14,12,13,11,13,12,10,13,12,10,10,12,10,13,11,10,10,13,10,12,10,12,13,10,12,12,11,10,11,13,14,10,11,11,14,11,11,12,11,10,14,13,12,13,10,12,11,13,12,10,13,12,13,10,13,12,13,13,13,10,11,14,11,0,14,10,10,11,14,14,14,14,13,12,10,12,12,10,10,14,14,11,12,12,11,14,12,11,10,12,11,12,12,13,10
14,14,11,12,12,10,11,12,14,13,11,14,10,13,12,10,12,13,13,13,14,13,11,10,14,13,14,10,11,12,11,11,10,11,10,12,11,12,13,14,13,13,13,14,10,10,11,12,12,12,14,14,14,14,11,10,13,10,13,13,11,11,11,11,11,14,14,14,12,0,10,13,14,10,13,10,10,10,12,10,14,11,11,12,14,12,11,11,11,14,10,14,11,13,14,13,12,12,11,12
10,10,12,14,12,13,10,14,10,13,10,14,11,10,13,11,14,13,11,13,10,12,13,14,12,10,12,11,11,14,13,13,13,14,14,13,14,12,14,11,12,11,11,12,13,10,13,11,10,12,14,13,10,12,12,12,12,12,12,11,10,14,13,10,10,12,11,11,10,10,0,12,12,14,10,11,13,11,11,11,11,12,11,10,13,10,10,12,10,11,12,11,12,10,12,10,13,13,10,11
10,14,11,11,10,14,12,13,14,11,13,10,11,11,10,14,14,13,14,10,14,10,10,14,12,13,14,12,11,10,12,14,11,14,10,12,10,10,10,13,13,11,12,13,13,11,10,11,10,13,11,10,13,10,12,10,13,11,13,11,10,10,11,14,14,13,14,12,10,12,13,0,14,12,10,11,13,12,11,11,11,13,13,12,13,13,11,11,10,12,10,14,14,11,14,13,13,14,12,14
14,11,12,10,12,10,12,13,13,13,13,12,11,10,12,13,11,13,13,10,13,12,14,10,10,13,14,12,12,11,13,13,14,12,12,14,10,12,14,13,11,12,12,12,13,12,12,14,14,11,12,10,11,11,11,11,12,12,10,14,10,14,11,11,14,10,12,14,12,12,12,14,0,13,10,14,10,14,11,12,12,10,10,13,11,14,13,12,13,11,11,12,12,11,14,12,11,11,11,12
12,14,12,11,11,13,12,11,10,12,10,11,10,10,12,13,10,11,14,11,11,13,14,12,11,10,14,12,14,12,12,13,13,14,14,13,12,13,11,12,12,12,11,10,10,10,11,11,14,10,11,14,12,10,11,14,10,10,10,11,14,10,11,13,14,12,12,11,11,14,10,12,10,0,12,14,13,11,13,12,10,13,12,13,13,11,13,11,12,12,10,12,12,13,14,13,11,10,13,11
12,12,10,10,14,14,14,14,14,11,13,12,11,12,14,13,11,12,13,12,11,11,10,13,11,11,12,14,11,14,12,12,13,12,14,13,12,12,14,13,11,14,11,11,14,12,11,10,13,10,12,14,12,11,14,11,12,11,14,12,11,10,12,14,13,10,13,13,13,10,11,13,13,14,0,10,12,14,13,14,13,10,12,10,10,12,13,10,12,12,13,11,10,13,11,11,11,11,12,13
14,13,12,11,13,14,13,11,13,10,12,11,14,12,10,11,14,10,11,12,14,10,11,10,10,14,10,10,11,12,14,10,12,14,14,14,12,10,12,11,14,11,11,12,10,11,12,12,12,14,12,11,14,14,13,14,12,11,11,13,14,12,10,10,11,11,14,14,13,10,14,13,12,10,13,0,13,13,14,10,13,11,12,13,11,14,13,11,12,10,10,11,10,14,13,11,11,11,10,10
13,12,12,14,11,10,14,13,14,11,10,10,13,11,13,12,11,14,13,10,12,10,11,13,12,14,13,14,14,13,12,11,12,13,11,11,13,12,11,10,10,10,12,10,10,14,13,14,10,11,14,11,13,14,13,13,10,14,12,12,12,10,13,10,14,14,12,10,14,12,13,14,13,13,10,12,0,13,11,13,12,10,14,13,13,13,10,12,12,14,13,10,14,10,14,13,10,11,11,10
10,12,12,14,13,12,10,13,10,14,10,10,14,10,14,11,12,11,10,11,14,11,14,10,10,11,14,13,13,14,10,11,11,10,12,10,13,14,10,11,13,12,12,13,14,12,11,13,11,12,10,13,10,14,11,14,12,11,14,11,12,11,14,10,14,13,14,14,13,13,13,13,11,14,13,12,13,0,11,11,12,10,11,12,11,13,11,11,11,13,13,13,12,10,13,13,11,12,12,14
10,13,12,14,12,14,12,12,10,11,14,10,10,10,11,11,11,14,13,11,12,12,12,10,10,10,10,13,12,11,12,14,11,12,10,14,13,11,14,11,11,13,10,14,13,12,12,12,14,12,11,12,14,10,11,13,10,11,14,12,13,13,10,14,14,10,14,13,14,11,12,10,14,11,10,14,12,12,0,11,12,12,13,14,14,10,10,10,11,10,12,13,11,11,12,12,13,13,10,10
13,13,13,12,12,14,10,12,12,14,11,11,12,14,11,14,14,14,10,14,14,10,12,13,11,13,11,14,12,13,11,10,11,12,12,14,14,11,11,10,14,12,12,11,13,11,10,11,10,13,13,13,13,11,11,13,10,10,10,13,13,11,10,13,12,11,10,10,11,12,14,13,12,14,14,11,12,10,14,0,10,13,14,13,13,10,13,12,14,10,14,13,14,10,13,12,13,12,13,13
12,11,14,14,12,13,14,11,13,11,10,10,14,10,10,10,13,12,11,13,14,13,10,14,12,13,10,12,14,12,11,13,14,12,11,14,13,14,10,10,10,11,13,12,10,13,13,13,10,12,13,10,10,10,13,13,10,14,12,14,12,11,11,11,10,11,11,12,14,10,11,14,11,10,12,12,14,12,14,13,0,10,12,12,12,13,11,12,14,13,12,13,14,12,11,12,14,10,12,12
13,12,10,14,14,10,14,13,10,12,10,13,12,10,13,13,10,14,14,12,13,13,12,13,11,12,12,11,14,12,13,12,12,10,10,11,14,13,12,11,14,12,12,11,12,14,10,14,13,12,12,14,10,10,13,10,14,12,13,12,12,12,13,12,14,13,11,12,14,11,14,12,11,13,12,10,10,11,11,12,11,0,13,12,12,10,13,12,12,11,10,12,12,10,10,13,11,14,10,11
14,12,12,14,12,13,10,13,11,12,12,14,13,11,11,11,14,10,11,11,11,10,14,11,14,14,12,12,11,14,11,11,10,14,11,14,13,14,10,13,14,10,10,14,13,10,13,11,13,13,14,11,12,13,10,14,13,11,10,13,11,13,11,12,11,11,14,14,14,11,12,14,14,12,12,10,14,14,13,14,10,10,0,13,12,10,14,14,11,13,11,11,12,13,12,12,11,13,13,13
12,10,14,11,12,11,14,11,14,11,14,14,13,13,11,12,10,10,14,11,11,11,13,10,12,10,10,10,12,14,11,12,11,10,10,13,10,14,10,11,10,12,14,10,13,12,12,13,12,14,12,10,14,11,12,10,12,14,13,12,10,13,14,10,10,12,13,13,12,12,12,11,14,13,11,13,12,13,11,10,13,11,13,0,13,12,10,13,14,12,10,11,11,10,13,10,11,13,14,14
11,14,13,11,10,12,11,11,10,10,14,13,13,12,13,13,14,10,11,12,10,13,13,10,12,11,10,10,10,12,14,14,12,13,10,11,14,10,12,10,11,13,12,13,13,11,12,14,12,14,10,11,12,11,14,12,10,13,13,13,11,10,10,12,11,14,10,10,12,11,14,14,12,10,10,11,11,10,11,10,13,11,13,10,0,12,13,12,10,14,12,11,10,11,14,13,10,12,14,11
14,11,12,12,10,10,11,13,12,10,12,11,14,11,13,10,10,12,14,10,13,12,14,10,14,10,13,13,13,11,10,13,11,13,12,14,10,14,12,10,10,14,10,14,11,10,11,14,12,13,13,13,13,13,13,11,11,12,12,14,11,13,14,10,10,13,10,11,14,13,14,11,14,13,10,13,12,14,13,13,14,14,10,10,12,0,11,10,12,14,10,12,13,11,12,14,11,10,14,14
13,10,14,10,13,14,11,13,14,13,10,14,12,13,13,10,12,13,14,12,14,12,13,11,13,11,10,14,12,14,13,13,13,10,10,13,10,14,11,10,10,13,11,13,14,10,10,10,13,12,12,13,10,11,14,10,12,12,11,12,13,12,11,14,10,12,11,11,12,14,14,12,11,13,11,10,11,14,12,12,10,10,11,14,12,14,0,12,12,10,10,11,12,12,13,12,13,11,12,13
12,14,14,12,13,12,14,11,11,14,13,14,13,10,14,11,13,11,12,11,10,14,14,10,12,13,12,10,13,11,13,14,13,10,14,13,11,12,12,11,13,13,10,12,11,11,13,11,13,11,13,12,14,10,13,13,14,13,10,10,10,13,13,10,10,14,10,12,10,10,10,11,13,10,13,12,13,11,14,11,14,10,12,11,13,10,10,0,13,11,11,13,13,11,11,11,14,14,10,12
12,10,10,11,12,11,12,14,13,11,11,14,13,13,14,10,14,11,12,12,14,14,11,10,13,12,11,10,11,14,14,12,12,14,12,10,13,14,14,14,10,11,12,11,10,12,10,14,12,10,11,12,12,13,12,12,13,14,12,10,10,12,12,13,12,13,11,13,11,13,12,14,11,12,11,13,12,10,14,11,11,11,12,10,13,11,10,14,0,12,14,11,14,12,14,14,13,14,13,14
12,10,11,13,13,13,11,10,14,12,13,10,13,10,10,13,13,14,11,10,10,12,12,11,12,12,12,12,12,13,12,14,13,10,12,11,14,13,14,11,11,10,11,11,13,13,12,13,11,11,10,14,12,13,13,14,12,10,10,11,10,14,13,10,10,14,12,12,12,13,13,14,10,10,14,10,11,11,12,13,14,14,10,10,12,12,12,10,12,0,12,14,14,13,12,10,11,11,10,11
13,11,10,11,12,12,11,14,11,14,13,13,11,13,11,11,11,13,13,12,12,12,12,10,10,14,14,11,12,14,12,13,10,14,13,12,14,13,12,12,11,13,10,11,14,13,13,10,11,10,13,13,13,12,14,11,13,14,10,13,13,10,12,12,11,14,12,11,14,14,12,13,10,10,11,13,12,11,11,12,10,13,14,11,11,13,14,12,10,12,0,13,14,12,14,14,10,11,13,14
14,10,12,11,12,13,14,13,12,10,10,14,12,13,13,12,10,10,10,10,13,14,14,11,12,10,12,11,11,11,11,12,14,12,11,11,13,11,12,13,11,10,12,12,14,13,11,10,14,11,14,10,10,12,11,14,10,11,14,12,10,13,11,11,14,13,14,10,11,11,14,13,12,12,14,12,12,12,11,13,13,12,11,14,12,11,11,11,11,12,10,0,12,12,10,12,12,13,10,12
11,13,11,14,12,12,10,12,13,12,13,11,12,14,10,13,13,11,12,13,13,12,13,14,14,10,11,10,12,14,12,13,12,10,10,10,12,13,13,12,11,13,12,14,12,11,13,12,11,12,14,10,11,11,13,13,10,11,14,12,11,14,14,13,10,14,14,12,14,10,10,10,13,10,12,14,14,14,11,12,12,13,14,10,10,11,12,10,11,11,10,10,0,13,11,10,11,13,14,13
12,12,10,13,11,11,14,12,10,14,14,14,10,14,11,14,12,10,14,12,14,11,13,10,13,10,14,12,11,14,10,10,14,10,13,10,11,10,13,13,11,13,11,10,12,11,14,10,11,12,13,11,14,11,14,10,13,10,14,10,11,11,10,11,13,13,14,10,11,10,12,12,12,10,11,10,10,12,13,11,10,13,10,14,11,14,11,12,11,12,12,11,10,0,12,12,14,12,10,11
13,12,14,14,10,14,11,14,13,10,14,10,10,12,13,10,12,10,11,10,14,12,11,13,13,13,11,11,14,13,11,12,14,11,10,14,11,14,10,14,10,14,13,11,12,12,12,14,11,12,10,13,11,10,11,10,10,10,11,12,13,14,14,14,14,11,10,14,11,14,13,13,10,12,10,10,14,14,11,11,10,11,10,12,13,12,11,14,14,14,14,11,12,13,0,10,10,14,13,12
10,11,13,12,12,13,11,13,13,10,11,11,10,13,10,11,11,14,11,11,12,10,10,14,12,14,12,10,11,12,14,10,10,12,10,14,11,14,12,14,11,13,12,14,12,12,14,12,12,11,14,11,13,12,10,10,10,13,14,13,10,11,11,11,10,11,11,12,12,10,10,11,11,12,14,13,12,11,12,10,10,10,13,10,12,12,12,13,12,10,14,13,10,14,13,0,10,12,11,13
11,11,11,14,11,11,12,14,10,12,12,12,14,11,14,12,10,12,11,13,13,13,13,10,12,11,12,11,12,13,14,10,11,12,11,13,13,11,12,13,10,12,11,10,14,13,14,11,10,11,13,12,10,12,10,12,13,10,12,14,14,10,12,11,13,11,10,11,14,10,13,13,10,12,12,11,12,12,10,13,11,10,10,11,14,11,10,13,12,14,10,12,14,12,14,10,0,10,10,11
13,12,12,12,10,12,10,12,12,10,13,10,10,10,13,13,14,14,10,11,12,11,11,14,10,14,10,14,12,13,12,10,12,10,12,10,13,12,10,13,14,13,12,13,13,14,10,12,10,14,14,11,14,13,14,11,10,13,12,10,12,10,10,14,13,12,12,14,12,12,14,11,13,12,12,13,14,13,11,10,14,12,13,13,13,10,11,14,11,10,14,10,10,10,11,13,13,0,12,10
10,11,11,10,12,14,13,12,11,10,11,12,12,12,11,10,14,12,11,10,12,11,13,13,11,13,14,10,12,11,13,14,11,12,10,14,13,12,10,13,10,13,14,13,14,13,12,13,14,14,11,11,11,12,13,14,12,12,14,14,10,12,14,10,12,11,11,14,11,11,12,11,11,13,10,13,11,10,13,12,11,10,11,12,14,11,13,14,14,10,11,10,13,10,12,12,13,14,0,10
13,12,12,11,13,12,14,14,13,11,14,13,12,14,11,13,14,11,11,10,10,13,11,10,11,14,12,13,11,10,13,10,11,14,10,10,13,14,13,10,14,12,14,12,10,12,14,11,12,11,12,10,11,14,10,14,10,12,14,13,10,11,13,12,13,14,11,12,13,10,10,10,13,11,10,13,13,14,10,13,14,10,10,14,13,12,13,12,14,11,14,11,14,14,14,13,13,11,14,0
