R=100
Pi=(22,21,24,27,26,24,23,29,21,26,20,22,23,29,26,26,22,26,27,27,29,20,21,23,27,21,27,23,28,28,25,27,26,20,29,28,28,20,25,25,22,29,26,23,24,26,26,24,22,23,25,21,23,26,23,21,29,20,29,24,26,20,21,22,20,23,25,23,29,28,27,22,21,21,24,29,24,27,29,21,24,23,20,24,23,23,23,20,26,28,28,27,20,20,28,22,28,24,23,21)
A=
1,2,44
2,3,0
3,4,41
4,5,43
5,6,0
6,7,0
8,10,47
16,17,0
17,18,0
18,19,0
19,20,0
20,21,0
21,22,57
22,23,57
24,25,0
25,26,0
26,27,58
27,28,0
28,29,40
29,30,0
31,32,0
32,34,0
34,36,0
38,39,0
39,40,0
40,41,0
41,42,0
42,44,40
45,46,58
46,47,46
47,48,0
48,49,40
50,51,41
51,53,52
53,58,0
62,63,49
66,67,54
67,70,0
73,74,0
76,78,52
78,80,0
80,82,51
81,83,44
83,85,41
85,87,54
86,88,40
87,89,41
88,90,0
96,98,44
97,99,52
Sij=
0,10,11,13,12,10,10,11,14,12,12,12,12,10,12,12,13,10,12,12,12,12,13,11,11,12,12,13,11,13,13,12,14,14,12,10,13,13,12,12,11,12,13,13,10,13,11,14,10,14,12,11,11,13,11,10,11,14,12,14,12,11,14,10,13,14,13,13,12,12,13,14,13,10,11,10,14,10,11,12,11,12,13,11,11,11,11,10,12,11,13,14,11,12,14,14,13,13,14,10
14,0,13,11,12,11,12,13,10,12,11,10,10,13,14,13,10,12,12,13,12,13,13,10,11,13,14,13,10,11,11,11,11,11,10,13,12,11,10,10,14,13,10,12,11,11,13,10,12,14,14,12,10,14,11,11,11,12,10,14,11,14,12,13,11,14,13,14,12,11,10,13,12,12,13,14,12,10,14,14,10,13,11,11,12,14,11,11,14,13,11,10,11,11,13,14,10,11,10,11
12,13,0,12,10,13,10,14,13,10,12,13,10,13,10,13,13,13,10,11,12,13,12,14,14,14,10,12,10,13,14,13,11,14,12,12,11,11,10,12,11,14,12,10,12,14,11,12,10,12,10,11,14,10,13,13,10,14,13,11,13,13,14,14,11,14,12,10,10,13,12,11,13,13,14,12,10,11,12,14,13,13,11,13,13,12,13,10,11,14,12,11,12,14,14,13,10,12,13,12
12,10,11,0,12,14,13,13,11,10,10,13,13,12,14,12,10,12,10,11,14,10,12,14,11,11,10,14,13,13,11,12,12,13,14,11,12,11,13,14,14,14,12,14,10,11,13,14,13,11,14,11,14,11,14,12,10,11,10,11,13,14,14,13,14,13,10,10,13,12,10,13,13,11,12,10,13,12,14,10,12,11,10,12,13,10,12,11,13,11,11,10,11,12,10,14,14,13,10,11
10,13,10,10,0,10,10,12,13,13,13,14,12,12,14,14,12,13,11,14,14,10,14,11,11,10,10,12,11,11,12,10,14,12,12,14,13,10,10,12,12,12,14,12,14,12,13,12,11,12,13,10,12,13,10,11,11,12,14,14,10,13,10,12,11,12,14,10,10,14,10,11,13,14,12,11,11,11,11,14,11,12,10,13,12,11,13,10,11,11,13,10,11,10,11,13,12,11,10,11
12,13,12,11,11,0,11,12,13,11,14,14,14,11,14,13,13,13,11,14,10,14,13,14,14,11,10,14,13,12,13,14,10,10,14,11,13,14,14,11,11,14,14,13,12,11,13,14,11,12,13,10,10,11,10,12,14,14,13,10,11,12,13,10,13,10,14,13,11,13,14,13,14,14,13,11,14,10,12,12,12,10,12,11,13,12,13,13,10,12,12,14,11,13,10,13,10,14,14,12
12,14,12,13,12,14,0,11,10,13,14,12,13,12,10,12,11,14,12,11,11,11,10,13,14,11,10,12,10,14,14,10,10,10,14,10,12,12,14,13,13,10,12,14,10,14,13,12,11,10,14,14,12,12,13,10,11,11,13,12,12,12,11,11,13,13,11,13,12,14,10,13,10,14,13,11,13,10,13,14,12,12,10,14,10,10,13,13,12,14,14,11,14,11,10,11,13,11,11,11
13,14,10,11,10,10,13,0,13,14,11,11,10,13,13,14,14,11,12,10,13,10,13,11,12,10,13,13,14,13,12,13,11,14,11,11,12,12,14,13,14,12,14,14,10,12,13,13,11,11,10,14,11,10,13,10,10,12,12,10,12,12,14,10,12,13,10,10,11,12,11,12,12,13,11,10,11,13,10,10,12,10,12,12,12,12,11,10,11,11,10,10,10,13,11,12,13,14,12,12
12,12,12,13,14,13,11,12,0,14,12,14,11,11,12,13,11,14,11,12,14,11,14,14,10,11,11,12,13,11,14,12,11,11,13,12,14,13,13,13,13,10,14,11,14,12,14,13,12,10,10,12,12,11,13,11,13,13,12,12,12,11,13,10,10,10,12,10,13,14,13,13,10,13,13,13,12,12,10,13,12,13,14,13,11,11,10,10,13,12,14,11,11,11,10,12,12,13,11,14
14,13,14,13,11,11,11,13,13,0,14,13,10,13,14,10,13,11,14,14,13,14,12,12,11,14,12,11,14,12,11,10,14,11,11,13,13,14,11,12,14,14,11,12,13,13,14,12,12,11,11,10,12,14,12,14,12,11,13,13,13,10,12,11,11,13,14,13,12,10,11,14,10,12,14,13,13,14,13,12,10,10,14,13,10,10,13,14,13,11,10,12,10,12,13,14,11,14,10,14
13,10,10,11,14,12,10,14,10,14,0,10,12,12,10,13,13,10,14,10,11,10,14,10,10,14,14,13,13,14,14,11,13,14,13,13,14,10,13,13,12,14,13,14,14,11,13,14,14,13,10,14,12,13,13,14,13,10,14,11,14,13,12,10,10,12,11,12,13,12,14,12,12,10,13,11,11,10,11,14,11,14,13,14,13,14,14,14,11,14,10,13,10,11,13,14,12,12,13,11
14,10,10,12,14,12,12,11,10,11,12,0,13,14,14,14,10,14,12,12,11,13,12,11,14,12,10,11,10,11,14,14,13,11,14,10,11,13,11,10,10,12,12,14,14,11,11,14,10,11,13,14,10,10,12,13,12,14,11,10,13,10,11,10,11,12,14,12,10,14,13,11,13,12,11,13,10,13,11,13,10,11,11,14,12,10,14,13,13,10,12,12,12,10,11,10,11,12,12,12
12,13,13,11,13,12,10,12,14,14,13,14,0,12,12,14,11,14,11,12,11,13,10,13,10,12,11,13,12,10,11,11,12,10,13,11,11,13,14,11,10,14,11,13,14,11,13,14,10,10,10,10,14,10,10,14,11,10,13,13,11,13,12,11,13,12,10,13,14,10,13,13,14,10,11,11,11,11,14,13,13,11,13,12,10,10,11,12,10,14,10,11,14,11,14,11,12,10,10,12
11,14,10,14,12,11,10,14,13,13,13,14,11,0,10,10,14,10,10,10,12,10,13,13,14,10,11,13,13,11,14,14,11,11,11,12,13,11,14,14,14,14,12,13,11,10,10,10,14,10,14,11,12,14,12,11,13,11,10,14,10,12,12,13,13,13,12,13,14,13,11,13,11,10,11,13,13,14,12,14,14,11,14,13,11,13,12,11,13,10,14,12,11,10,13,11,12,14,14,12
13,12,10,11,13,11,10,11,13,14,13,13,14,11,0,14,14,13,14,11,10,11,11,14,14,13,14,12,11,11,14,10,13,10,14,10,12,10,12,14,10,13,10,12,14,11,10,12,14,10,14,13,13,12,14,10,12,12,11,12,14,13,14,10,14,13,14,13,14,10,12,13,10,14,11,12,10,13,10,12,13,11,12,10,11,11,12,11,10,13,13,14,13,10,10,11,14,10,13,10
11,12,13,14,12,11,12,13,11,12,10,14,11,14,14,0,12,11,13,13,12,11,13,12,10,12,12,14,10,14,14,13,10,14,10,11,10,13,13,12,10,13,13,14,13,13,13,12,14,10,12,14,10,12,10,14,12,10,12,11,10,11,11,14,12,14,14,14,11,13,13,14,13,10,12,13,12,14,13,11,13,10,10,10,11,14,12,12,13,11,13,10,10,11,12,14,12,14,12,14
13,14,10,11,11,13,11,14,10,11,11,13,11,10,12,14,0,10,11,12,12,11,12,10,10,10,13,13,11,13,12,11,13,11,14,13,14,14,14,13,13,13,13,12,11,14,14,13,14,13,12,13,10,11,14,12,11,13,10,11,13,14,14,11,12,10,12,11,12,12,13,14,11,13,14,14,13,10,14,10,10,10,14,13,10,13,11,12,12,11,11,11,14,13,14,13,13,12,14,11
12,12,10,11,10,13,12,11,12,14,14,11,14,14,10,13,10,0,11,10,13,13,10,14,11,11,12,10,13,13,10,10,11,10,12,13,13,14,12,12,12,11,14,14,12,12,10,11,10,12,11,13,12,11,10,12,12,13,14,10,12,12,13,13,11,13,12,10,11,11,12,14,12,13,13,12,14,10,12,13,10,10,10,10,12,12,13,10,10,10,11,10,14,11,10,14,12,11,12,13
14,14,10,14,10,12,10,13,13,13,12,11,10,10,14,12,12,12,0,10,14,10,12,10,11,14,12,14,11,13,13,14,13,13,13,14,10,10,10,10,10,11,14,12,11,12,14,14,13,12,12,12,10,10,12,13,11,14,13,14,13,12,14,10,14,14,14,13,12,11,13,11,11,12,10,13,10,10,13,14,14,12,10,13,10,11,14,13,10,10,12,11,11,11,11,12,12,13,12,12
12,11,12,12,13,10,10,12,10,14,12,10,11,14,14,10,11,10,10,0,12,10,11,12,11,13,12,14,10,10,12,11,11,13,11,11,13,10,12,10,14,11,11,12,10,13,12,10,12,11,11,11,11,13,14,12,11,13,10,14,11,10,10,12,13,13,10,12,14,12,11,10,13,10,10,11,13,13,12,12,11,12,12,13,14,11,10,12,13,13,10,14,14,13,13,13,11,14,14,12
12,14,10,10,10,11,12,10,13,12,13,12,11,12,13,14,13,11,13,11,0,13,12,14,11,12,11,10,10,11,11,10,14,14,14,10,11,11,11,13,12,14,14,14,10,10,12,12,12,14,14,14,14,10,12,14,14,14,14,12,13,11,11,13,11,11,13,13,12,12,11,12,11,13,10,12,13,13,13,10,10,13,13,11,12,11,11,13,11,14,10,12,12,14,14,11,12,10,12,13
11,13,10,14,12,12,13,11,10,14,11,11,10,13,12,14,12,10,11,14,10,0,10,11,12,12,14,14,12,13,13,10,12,10,14,14,11,13,13,13,10,13,14,13,12,13,13,11,14,11,14,13,12,14,12,13,11,11,12,12,12,12,10,13,12,14,13,10,10,13,11,11,14,11,11,11,11,12,14,14,13,13,10,10,13,14,12,13,12,11,13,14,10,11,10,12,12,11,10,12
14,13,10,10,10,13,14,10,13,11,12,14,12,12,14,14,11,14,10,12,11,10,0,13,14,10,11,11,13,11,13,13,10,11,12,10,10,13,14,10,10,14,12,10,10,14,14,12,12,11,11,11,13,10,12,10,14,14,10,10,14,12,11,14,14,13,11,12,10,12,14,10,11,14,10,13,14,14,12,14,11,14,13,11,14,12,10,14,13,11,10,10,12,14,10,12,13,12,10,12
12,11,12,14,12,10,14,13,10,14,11,10,11,11,14,10,13,10,14,12,13,12,14,0,13,12,13,13,12,13,12,10,11,14,10,11,10,11,13,13,13,12,11,13,14,14,10,13,11,10,10,14,12,12,13,14,14,11,13,12,13,12,11,14,13,14,14,10,11,14,14,13,10,11,11,14,11,14,14,14,12,10,11,12,13,13,12,13,11,10,12,13,13,11,10,11,10,12,14,10
14,14,11,11,10,12,13,11,11,13,12,10,12,14,10,12,10,14,11,10,11,11,14,11,0,12,11,10,13,10,14,14,14,10,14,14,12,13,14,11,11,14,11,11,12,13,11,10,13,11,12,10,11,10,14,13,13,14,10,14,14,12,10,10,12,13,13,10,12,10,12,13,11,13,10,10,10,14,11,13,10,10,11,12,13,14,13,13,10,11,10,13,13,10,11,14,14,11,14,14
14,11,13,13,13,13,14,12,10,13,13,14,12,11,14,14,10,12,11,12,10,14,14,11,10,0,14,10,10,11,10,11,14,14,12,13,13,11,13,14,14,10,10,12,12,12,10,10,11,10,12,13,11,14,12,13,10,12,11,13,14,13,13,11,14,11,14,10,14,13,10,12,12,13,12,11,10,12,11,13,14,13,13,14,14,12,14,14,11,14,13,10,14,10,14,11,12,13,12,11
13,10,10,13,10,14,11,13,12,10,12,12,11,13,13,10,14,13,12,12,11,14,13,10,10,10,0,12,12,13,10,14,11,14,10,10,13,13,14,14,14,11,10,12,10,11,10,14,11,11,14,11,13,11,10,14,14,11,10,13,10,12,14,10,11,11,10,13,10,13,14,11,14,13,13,11,11,11,12,13,14,10,10,10,13,13,10,10,14,11,10,12,13,11,14,11,11,10,11,14
11,12,13,13,11,12,11,10,12,13,13,13,13,11,13,14,11,13,12,12,10,14,13,14,12,12,13,0,13,13,11,14,10,14,12,12,12,12,12,14,10,12,10,12,10,13,12,13,11,12,10,10,13,13,13,14,11,13,13,10,13,14,13,11,11,14,12,13,10,14,10,12,13,14,11,10,10,11,13,11,10,14,12,10,13,11,11,12,11,13,11,14,13,12,10,11,13,13,11,11
10,14,12,11,12,13,11,13,11,13,13,14,10,11,10,14,11,12,13,10,12,14,11,12,13,11,13,11,0,13,14,11,11,10,11,11,11,12,10,13,14,14,12,10,12,10,11,14,11,11,11,14,11,10,11,13,10,12,10,13,10,10,10,14,11,12,11,14,13,10,14,12,10,14,13,10,10,14,13,11,11,12,11,14,12,10,10,11,13,12,10,13,11,12,12,14,13,12,13,10
13,12,10,10,12,14,14,11,11,10,13,11,13,13,11,13,13,10,12,11,11,14,10,10,10,10,10,12,11,0,13,11,12,10,13,13,14,11,10,11,13,10,13,10,12,14,14,10,13,11,14,11,13,10,11,14,13,12,10,10,12,14,11,14,12,13,10,10,10,14,12,12,12,13,13,11,12,14,12,11,11,10,11,11,12,12,13,12,13,14,10,11,11,10,14,14,14,14,12,13
14,13,10,14,14,11,14,14,11,10,11,13,14,13,14,11,12,10,11,10,10,13,11,11,14,10,11,12,14,14,0,11,13,11,13,11,12,10,12,11,10,13,14,10,12,12,11,12,12,10,13,11,13,12,12,13,11,11,13,10,13,10,11,14,12,14,13,12,10,12,12,11,10,13,10,12,10,12,14,13,12,13,14,11,11,12,12,10,14,10,10,10,11,12,13,10,11,14,12,13
14,14,11,14,13,11,11,10,12,10,13,13,12,10,12,10,11,14,13,10,11,12,12,10,11,11,10,13,10,10,10,0,10,10,10,13,13,11,14,13,14,11,12,12,13,11,12,13,10,14,12,14,11,10,12,12,11,11,11,13,12,10,12,10,11,14,13,13,12,11,13,13,11,11,14,14,14,14,13,13,13,12,14,13,12,11,14,14,12,12,12,11,10,10,11,13,13,12,11,14
13,14,10,14,11,13,12,10,11,13,13,11,12,12,10,14,11,14,12,10,10,13,10,14,13,11,13,11,14,10,11,11,0,13,14,10,14,12,10,12,14,13,14,12,14,14,10,14,12,10,12,12,14,14,10,14,14,13,11,10,14,14,11,10,11,12,11,12,13,12,10,11,11,11,12,12,11,10,11,10,13,12,11,10,12,12,11,12,13,10,10,10,10,14,13,14,12,14,11,12
13,13,11,10,14,10,11,12,12,12,13,13,12,11,12,11,13,10,12,13,10,14,13,12,11,10,10,11,12,13,14,11,14,0,13,12,10,11,10,10,12,11,14,10,10,12,11,12,14,12,12,10,12,11,12,12,13,14,13,13,14,14,14,14,13,13,11,14,14,14,12,14,12,14,10,11,10,14,13,14,14,12,11,14,10,12,12,10,11,11,13,11,13,12,11,12,12,14,11,12
11,12,13,10,10,12,13,12,11,10,11,14,11,13,13,11,13,10,13,10,10,11,12,12,10,10,11,10,12,12,14,11,12,10,0,13,11,14,10,13,12,14,10,13,10,10,13,10,14,13,14,14,11,10,10,12,10,10,10,14,14,11,12,14,13,11,10,11,10,14,11,12,13,11,11,11,10,12,11,12,12,10,11,12,13,13,13,10,12,12,13,11,13,10,14,11,12,10,10,14
10,11,14,14,11,11,11,10,14,14,12,13,13,12,12,13,14,10,11,10,12,14,14,13,11,10,14,12,11,14,14,14,12,12,12,0,10,11,12,10,11,11,13,10,12,14,10,12,10,12,11,11,11,14,14,11,10,12,10,12,11,12,13,13,10,10,13,11,11,14,12,11,12,14,14,13,14,13,11,13,11,12,13,10,10,12,12,10,12,10,12,13,11,14,14,14,13,14,10,12
11,13,11,10,10,14,14,12,14,11,11,11,10,11,11,13,13,13,12,12,13,12,13,11,12,14,10,13,14,10,10,10,12,14,12,12,0,10,13,14,11,13,14,10,10,13,10,12,14,13,10,10,14,12,13,14,13,10,10,13,10,14,11,12,13,11,11,14,10,14,13,13,10,13,11,13,13,11,12,12,12,11,10,14,14,14,10,13,14,10,13,12,10,14,14,11,12,12,11,14
11,11,11,10,14,12,10,11,10,14,10,12,12,12,11,14,13,11,13,14,10,13,14,10,11,10,12,10,14,14,11,11,14,13,10,10,14,0,10,10,11,14,13,12,14,14,11,10,13,13,14,12,11,14,12,13,13,11,11,13,13,10,14,11,10,13,14,12,14,11,10,14,13,10,11,14,11,11,10,11,10,10,13,12,14,12,14,11,11,14,12,14,13,11,11,11,14,11,11,10
10,13,11,11,13,10,14,10,12,13,12,12,11,10,13,13,11,12,12,13,14,12,10,14,14,10,10,12,14,14,14,14,14,14,11,11,14,12,0,13,14,12,13,13,13,12,10,13,13,12,13,10,12,14,12,11,12,13,11,12,12,14,11,11,13,13,12,12,11,14,12,13,13,13,12,10,10,13,11,12,14,12,12,14,10,14,12,10,12,13,13,12,12,10,11,10,11,12,10,10
10,13,12,14,10,14,11,13,12,11,11,13,12,14,12,10,11,12,10,13,11,11,14,13,10,14,11,13,12,12,14,12,13,11,12,11,10,12,13,0,11,13,13,13,11,12,10,10,13,12,10,13,13,11,12,14,13,13,13,14,11,13,12,11,10,11,13,10,10,11,11,14,13,13,13,14,12,13,13,10,14,13,12,11,11,13,11,10,10,11,13,12,11,13,12,13,11,12,13,14
13,10,14,11,10,11,10,10,12,12,11,14,10,12,14,12,10,10,14,12,10,12,14,14,12,13,13,10,11,10,13,14,10,13,12,14,13,10,10,10,0,13,11,12,12,10,14,12,13,13,14,12,10,12,11,14,11,10,10,13,11,12,14,13,12,13,11,14,11,10,10,14,10,10,14,13,14,14,11,13,13,11,10,11,11,13,13,12,14,14,10,14,12,11,13,12,13,12,10,13
13,10,10,12,13,10,12,14,13,12,14,11,13,11,10,10,12,13,12,13,10,14,14,12,14,11,11,13,11,11,10,12,13,13,10,13,10,12,12,10,10,0,13,13,12,14,14,10,10,11,13,10,10,14,11,13,13,10,13,12,12,14,14,13,12,11,12,12,10,11,11,14,14,10,12,13,11,11,12,13,10,10,10,11,13,10,10,12,12,14,12,13,12,14,10,10,11,10,10,10
11,11,10,14,10,13,10,14,12,13,11,11,13,10,12,12,14,12,10,11,11,10,10,10,13,13,11,10,10,11,11,11,10,11,11,14,10,10,11,14,10,10,0,14,13,12,10,14,12,12,12,11,14,14,14,14,11,10,14,11,12,11,10,14,11,12,10,11,12,13,13,11,13,11,10,10,10,10,12,12,13,13,14,12,12,14,12,11,11,11,10,13,10,14,14,12,10,10,13,11
12,14,12,14,14,10,13,13,13,13,13,10,13,11,12,13,12,12,12,12,14,13,10,10,12,14,11,14,11,13,10,10,11,10,10,14,10,10,13,11,11,13,12,0,12,12,14,14,14,11,10,10,13,13,11,11,13,13,11,11,14,14,14,11,10,13,13,14,13,11,13,13,12,13,10,10,10,11,12,13,13,10,11,12,11,13,12,11,10,13,11,10,13,13,14,11,12,12,11,14
13,10,11,12,12,12,12,14,12,10,10,12,10,13,12,14,13,11,10,12,10,12,13,14,10,13,14,13,13,13,13,13,14,13,14,13,13,13,14,13,10,12,14,14,0,12,13,14,14,11,10,13,10,11,14,13,11,11,11,12,14,12,14,10,13,12,12,12,12,13,14,10,14,11,11,12,12,13,14,11,11,14,14,12,13,10,13,11,10,10,13,11,11,10,10,10,10,12,10,12
10,10,12,11,11,10,14,13,14,12,10,13,12,10,11,14,13,12,12,13,14,10,12,11,10,12,13,13,11,11,11,10,12,11,11,10,11,13,10,13,10,14,11,12,14,0,10,14,11,14,10,12,13,14,12,13,14,12,10,11,13,12,10,12,13,10,14,10,10,14,11,13,14,11,14,12,14,13,10,11,14,13,11,14,10,13,12,11,10,13,11,12,11,12,12,10,10,11,13,11
10,10,14,12,12,12,13,12,10,14,13,11,12,13,11,10,10,11,12,10,12,13,14,11,12,14,12,12,14,13,12,13,10,13,11,14,13,13,11,13,10,10,10,10,10,10,0,14,12,11,12,10,13,14,12,14,11,10,12,14,13,10,10,13,12,12,10,10,14,12,12,11,11,14,13,10,12,13,13,11,12,14,10,11,11,12,13,13,13,14,14,13,10,13,13,13,14,12,13,13
10,10,14,14,13,11,13,14,10,12,11,13,11,11,12,13,10,14,11,14,13,11,12,10,12,13,10,13,10,10,10,14,10,10,11,12,10,10,12,10,14,14,13,10,12,11,11,0,14,11,10,13,14,11,13,14,13,12,13,12,10,11,10,13,14,12,12,13,11,10,14,13,14,12,10,14,14,13,11,13,10,11,10,11,10,12,10,13,11,10,12,14,11,12,11,14,14,10,13,13
10,12,10,13,11,12,13,12,10,14,10,10,10,10,12,14,10,13,13,12,11,13,12,11,12,14,11,12,10,11,10,13,10,13,13,12,10,11,14,13,14,13,13,12,14,12,13,11,0,10,12,14,10,12,10,11,11,10,14,11,11,10,10,11,14,13,11,10,12,12,14,13,13,14,14,12,13,10,10,11,10,11,10,12,13,11,14,11,14,11,11,12,11,10,12,12,13,11,13,13
13,11,11,13,10,14,10,11,12,12,13,11,10,12,10,10,14,13,13,12,14,10,11,10,11,11,11,12,11,12,13,12,11,11,13,14,14,11,11,13,10,13,13,11,12,14,11,13,10,0,11,13,10,12,11,13,12,10,10,12,13,12,13,14,10,13,11,10,13,14,11,11,13,11,10,11,11,11,14,12,11,10,12,12,10,14,13,14,14,12,10,13,14,14,12,10,12,13,13,12
11,14,12,13,13,10,14,14,12,14,12,11,10,12,11,13,10,10,14,11,10,11,10,10,14,12,12,14,13,14,14,12,12,12,11,12,12,13,13,14,14,13,12,10,10,13,12,11,12,13,0,10,11,13,12,11,14,13,12,14,11,13,10,10,12,10,14,13,13,11,13,11,11,12,10,12,12,14,10,10,11,10,10,11,10,13,12,14,10,10,12,14,10,14,12,10,13,13,10,14
10,14,13,10,13,12,14,14,13,14,14,14,12,11,13,11,12,14,10,14,12,10,13,13,13,14,11,11,10,14,14,14,14,10,14,11,11,10,12,12,13,13,10,10,10,12,11,13,11,11,12,0,13,12,10,12,10,11,10,11,14,11,12,14,14,10,10,10,12,12,11,14,12,12,12,10,14,14,12,13,10,13,12,10,13,11,10,11,13,13,14,10,11,13,13,11,10,14,11,14
10,11,13,11,14,11,10,11,14,14,13,10,13,12,10,10,13,11,10,13,10,13,12,13,13,11,13,14,13,11,14,14,13,13,13,14,14,11,11,12,10,14,11,13,10,13,12,14,12,12,13,14,0,14,13,14,11,14,14,13,12,12,11,12,13,10,13,12,14,14,11,10,11,10,12,12,10,12,13,13,14,14,14,11,10,12,10,10,10,13,11,14,14,13,13,14,14,11,12,13
11,10,12,10,10,12,12,13,11,11,13,13,11,11,13,13,13,14,11,11,14,12,12,11,12,12,11,13,11,12,12,14,14,10,12,14,11,14,11,13,10,12,13,13,14,13,13,13,10,10,11,10,14,0,11,13,13,13,11,12,13,11,14,12,14,14,14,14,11,14,14,11,13,12,13,11,12,14,13,11,14,14,12,13,11,10,11,14,12,11,13,10,10,11,12,12,11,14,14,14
10,13,12,14,10,13,13,12,11,10,11,14,14,14,13,14,13,10,10,13,12,14,11,14,10,13,11,11,10,10,14,12,14,13,10,10,11,12,12,12,12,13,13,12,14,13,11,10,12,13,14,10,13,11,0,11,11,12,12,13,12,12,11,12,10,10,13,10,10,13,13,12,10,13,12,11,14,10,13,14,12,12,10,14,11,11,14,13,13,11,14,13,14,14,14,10,10,10,12,11
11,13,10,12,14,11,13,11,10,10,12,10,13,12,11,10,11,12,11,14,11,14,11,14,14,10,12,11,13,12,10,13,13,12,13,13,12,13,14,14,12,12,12,13,14,13,10,11,12,14,13,13,14,12,10,0,11,11,11,12,14,13,12,13,13,14,13,12,11,14,13,13,13,12,11,12,13,12,13,14,10,10,11,14,14,13,11,14,10,11,11,11,10,10,10,11,10,14,13,13
10,11,14,12,14,11,14,11,12,10,11,14,13,11,11,14,12,12,13,10,13,14,11,14,12,11,12,13,12,10,11,14,13,14,14,14,11,13,14,12,13,10,12,14,10,12,13,14,13,11,14,12,10,13,10,11,0,14,14,10,12,14,11,13,11,14,12,11,13,12,12,13,13,13,11,11,13,11,11,14,10,13,12,14,10,11,13,13,14,14,13,14,11,13,12,13,11,11,10,10
13,10,14,12,11,13,10,14,14,11,11,14,13,10,10,14,11,12,13,14,10,13,12,14,14,13,11,14,10,12,10,11,11,10,10,14,14,10,12,12,11,14,14,12,12,13,11,10,13,12,12,14,13,10,10,14,13,0,10,13,13,11,11,13,12,11,10,12,12,14,10,10,11,14,10,13,10,14,14,11,10,12,11,10,12,10,11,13,10,10,11,10,13,11,14,11,14,10,11,11
12,10,13,10,12,12,10,14,12,12,14,10,14,13,13,10,10,10,10,12,10,11,12,12,13,10,11,14,14,14,13,10,12,12,13,14,13,10,12,10,14,11,10,13,10,10,10,10,13,13,11,14,10,14,11,11,13,11,0,12,12,11,11,10,13,13,14,12,11,10,13,12,14,12,10,12,13,10,14,11,12,14,11,10,10,12,14,10,12,11,12,10,11,13,10,13,12,11,11,10
10,12,13,14,10,11,11,12,14,11,12,10,14,14,14,12,10,11,14,10,13,14,10,10,13,12,10,11,11,11,10,12,13,14,11,14,11,11,10,14,11,11,10,10,13,11,11,12,14,13,13,11,12,11,11,11,12,13,10,0,12,10,10,10,13,11,14,11,14,13,14,11,13,10,14,14,12,14,14,11,11,11,13,11,13,12,14,10,12,12,10,12,12,10,13,13,10,11,12,14
13,10,11,13,14,11,10,10,12,11,14,11,13,11,13,10,12,13,12,10,12,14,13,12,13,12,13,12,12,11,13,11,11,10,12,11,14,14,12,11,12,14,13,11,13,13,14,11,11,12,11,11,13,12,11,14,11,14,10,12,0,13,12,12,10,12,13,10,12,14,12,11,12,11,10,12,13,11,12,13,10,13,12,10,10,10,12,12,14,13,13,10,14,14,14,13,10,11,12,14
10,13,11,11,14,10,13,10,13,14,13,13,14,11,14,14,10,11,12,10,10,10,10,14,11,11,12,13,11,11,11,11,13,12,13,11,11,10,10,14,12,11,13,14,10,14,10,13,14,10,12,13,14,11,13,14,12,12,10,12,12,0,14,13,12,13,11,14,11,13,13,12,10,11,12,13,13,12,10,14,11,11,14,14,11,13,13,12,11,14,13,14,14,14,12,11,12,12,11,11
13,14,14,14,11,13,12,12,11,13,14,11,12,13,14,11,13,10,12,13,14,13,12,12,14,13,13,10,13,10,10,11,11,14,10,11,12,14,12,13,11,11,11,13,14,11,11,11,10,11,13,12,14,13,12,14,12,11,10,12,14,11,0,14,10,12,13,10,13,12,12,14,13,12,14,11,13,12,14,12,12,11,11,14,11,12,13,11,12,12,11,14,10,13,10,13,14,11,10,10
11,10,13,13,13,11,14,14,10,11,13,11,13,14,13,10,13,12,12,13,14,11,12,11,11,13,14,14,12,11,11,11,12,13,11,11,13,12,11,10,12,13,11,11,13,14,11,10,10,14,14,12,14,11,11,14,12,12,12,10,12,10,12,0,13,14,11,13,14,13,11,12,10,11,12,11,11,10,11,12,12,11,13,13,12,11,14,12,11,12,11,13,10,10,10,12,11,10,13,11
11,10,11,12,14,12,14,11,12,14,14,14,11,10,10,13,14,11,10,11,10,14,12,12,12,13,12,14,10,14,14,10,11,10,11,11,14,10,14,10,12,13,14,12,12,11,12,14,10,12,13,10,10,11,11,11,13,14,10,11,10,14,11,12,0,14,13,13,10,14,13,13,13,11,10,14,12,14,10,14,10,10,12,14,12,11,14,10,10,13,14,13,10,10,13,14,12,11,12,12
13,13,11,10,11,13,14,13,10,12,14,11,13,10,14,10,12,10,13,10,10,13,13,12,10,10,13,13,13,10,11,10,12,12,10,12,14,11,12,13,12,10,10,12,14,12,10,14,10,12,12,11,13,11,12,10,10,14,10,11,10,11,10,14,10,0,14,14,10,14,12,11,10,12,14,13,14,13,10,12,12,14,13,12,10,13,10,11,11,10,14,12,14,11,11,12,10,10,10,12
10,12,14,10,13,11,11,13,13,12,13,12,14,11,12,11,12,14,10,11,10,12,13,10,14,14,11,14,11,12,12,14,12,13,11,14,10,13,13,13,11,11,13,13,11,12,12,12,13,14,10,11,14,13,11,13,14,14,10,13,10,12,12,11,10,13,0,14,11,14,13,11,14,10,11,10,14,13,14,13,12,12,13,10,12,11,10,14,14,11,13,10,10,13,14,13,14,13,12,13
13,12,10,12,10,13,11,11,13,13,12,14,14,10,12,11,11,11,10,14,14,14,10,14,11,13,10,10,10,13,10,10,11,11,10,14,11,10,10,13,14,14,11,10,14,14,10,14,10,13,11,12,13,12,13,14,12,11,11,12,12,10,10,10,12,11,13,0,12,10,13,14,11,11,11,14,14,12,14,14,11,12,10,10,12,11,13,11,13,12,11,12,10,13,12,11,14,13,11,13
13,10,12,14,12,14,10,11,12,12,13,11,12,11,10,14,11,10,12,13,14,14,14,10,14,10,13,12,13,10,10,11,11,11,11,10,10,11,12,13,11,11,14,10,14,10,10,14,13,13,14,13,11,12,14,13,11,12,10,11,10,12,12,12,11,12,14,11,0,14,14,14,10,12,14,12,12,10,13,10,14,10,14,14,10,10,11,10,14,11,13,14,13,11,10,12,13,14,12,13
11,10,14,14,14,14,14,11,11,14,12,13,12,11,10,11,11,13,12,11,10,12,14,14,11,14,10,13,11,11,14,12,12,14,14,13,11,14,14,11,11,10,13,14,14,10,12,11,10,14,11,14,12,11,13,13,11,14,13,10,13,10,14,14,10,14,10,12,11,0,12,10,12,13,10,14,14,14,14,14,10,11,13,13,12,10,14,10,11,11,11,11,11,10,14,13,11,11,14,14
10,14,10,10,13,13,13,10,11,11,14,14,11,14,13,13,14,12,12,13,10,13,14,11,14,10,14,12,14,12,13,13,10,10,14,10,11,13,14,13,12,13,14,14,11,12,10,11,11,11,13,14,13,10,13,11,10,14,10,12,14,11,11,13,13,11,14,11,14,12,0,11,11,12,13,11,12,14,14,14,12,10,13,10,13,14,13,14,14,11,13,10,12,12,12,14,11,12,10,10
10,13,13,11,14,14,11,11,14,14,11,12,10,14,12,12,11,10,13,14,14,11,14,14,11,12,13,13,10,14,14,14,13,14,14,14,11,11,10,13,12,11,14,14,10,11,14,13,14,14,13,10,14,10,10,13,13,14,10,12,10,13,11,10,10,11,13,11,10,13,11,0,14,14,14,12,12,11,14,14,14,12,10,13,10,11,13,10,13,13,10,10,12,11,13,12,14,10,13,14
14,13,12,13,11,13,13,11,14,13,12,11,13,14,10,14,10,14,11,14,11,10,10,13,14,13,13,12,11,12,13,12,13,10,10,11,10,12,12,11,12,12,11,14,10,13,11,12,11,14,12,14,13,14,13,13,13,14,13,12,14,10,10,11,10,10,13,13,14,13,14,12,0,11,14,12,13,13,10,12,10,11,11,11,12,10,13,14,13,11,11,12,10,14,14,12,11,12,10,14
10,10,12,12,12,14,14,13,13,12,10,10,12,12,13,11,13,14,12,11,11,10,10,12,13,10,14,13,11,12,10,10,13,11,11,10,13,13,13,12,10,10,10,11,11,10,10,12,11,13,14,12,14,14,12,14,10,10,14,11,10,11,11,11,12,14,11,11,10,13,12,14,10,0,10,10,11,10,13,10,12,10,11,12,13,13,12,11,14,14,11,14,13,13,12,12,13,14,13,13
12,14,13,12,13,11,14,12,14,13,11,14,11,14,11,11,13,14,13,13,10,12,12,12,13,13,13,10,13,13,11,12,11,14,13,13,12,13,14,11,13,14,12,10,12,12,13,14,11,11,13,14,10,10,13,14,11,11,13,14,12,13,14,11,11,13,12,11,10,13,13,10,10,11,0,14,10,10,11,14,11,14,14,14,11,14,12,11,11,11,14,12,11,10,14,14,10,14,10,13
14,14,11,13,13,12,13,13,13,10,12,13,14,11,12,10,13,14,12,11,14,12,11,10,11,11,12,14,11,12,14,11,10,13,10,11,12,11,10,14,11,14,12,10,13,10,12,14,12,13,10,11,11,14,14,12,13,11,11,12,14,13,11,11,11,11,13,11,11,10,12,12,13,12,10,0,10,14,10,12,11,13,13,12,12,11,12,14,10,13,13,13,11,14,13,10,13,12,11,14
11,11,11,13,12,11,13,12,13,14,14,12,12,14,14,13,10,11,14,14,13,11,12,12,13,12,11,12,10,12,11,13,13,11,10,14,12,10,10,11,13,10,10,11,14,10,10,11,10,14,10,11,12,11,10,14,13,14,14,14,10,11,12,11,12,11,14,11,13,10,11,10,11,13,11,13,0,10,11,12,12,11,14,12,10,12,14,10,11,10,10,10,13,10,10,10,11,13,14,14
13,10,13,12,14,13,14,10,14,10,12,14,12,11,11,13,10,14,11,14,12,10,13,11,13,14,13,14,10,12,14,10,11,12,13,12,13,11,12,11,12,14,10,10,13,11,13,11,13,11,10,12,11,14,11,12,12,12,14,10,10,10,10,11,10,12,12,10,13,14,10,14,11,10,12,13,10,0,12,13,12,11,11,10,13,12,12,14,11,10,10,14,10,12,11,11,12,13,13,10
11,13,13,13,13,11,10,10,11,12,13,12,14,13,12,14,13,14,11,14,13,13,11,14,12,10,14,12,10,14,10,14,11,12,12,13,12,13,11,12,11,11,12,13,11,12,14,11,14,12,12,12,12,14,11,13,12,13,10,13,12,13,10,11,12,14,11,12,11,13,11,14,12,14,12,12,10,12,0,12,14,10,12,12,12,11,12,11,11,10,14,11,14,13,13,14,13,10,11,11
12,11,12,10,11,10,12,14,13,11,14,12,10,10,11,12,10,10,12,10,14,12,10,11,12,12,12,11,14,14,14,11,14,10,14,13,13,11,11,12,13,13,13,14,11,11,10,13,12,10,14,12,12,10,11,10,11,10,13,13,12,11,14,13,12,12,13,14,11,12,14,13,14,10,11,11,13,10,14,0,10,11,14,14,14,10,11,13,13,14,13,12,12,13,12,14,12,13,10,12
14,12,11,12,14,10,11,12,12,14,14,12,10,11,12,12,13,12,10,12,10,13,10,10,12,10,12,14,12,10,14,13,13,13,10,13,10,12,14,13,14,14,11,14,14,11,11,11,11,10,11,10,12,12,11,11,11,11,14,14,13,11,10,12,14,11,14,12,10,13,11,11,12,12,13,11,12,11,10,10,0,13,11,12,12,14,14,10,10,11,14,11,14,12,10,10,12,14,13,14
13,12,14,10,12,13,14,12,10,13,10,14,10,10,14,10,11,13,12,13,10,10,13,10,11,11,12,14,12,11,11,11,13,12,12,13,14,11,14,14,14,11,10,12,11,14,11,13,12,14,13,13,11,10,13,12,13,13,13,11,10,10,10,14,12,13,10,13,13,10,11,10,13,13,13,14,10,11,14,11,10,0,14,11,12,12,13,10,12,13,14,14,10,12,13,13,14,10,11,14
12,14,13,14,12,12,13,14,13,11,14,12,11,14,11,11,10,13,12,11,13,13,12,14,13,11,11,12,10,14,14,13,14,11,11,12,11,14,14,10,14,13,12,11,14,12,12,11,11,12,13,10,13,14,11,14,11,13,11,10,11,10,14,13,12,10,13,10,12,13,14,10,14,12,12,10,11,11,10,10,13,14,0,11,12,11,13,10,14,10,12,11,12,13,13,14,13,14,13,13
13,14,12,14,13,13,12,11,10,11,10,12,14,13,10,12,11,13,11,12,14,10,13,14,14,12,11,12,10,12,13,10,13,12,12,11,10,10,13,14,13,11,14,12,14,10,11,14,13,11,13,14,12,10,14,12,11,13,10,10,11,10,10,12,13,14,14,11,11,13,11,10,10,11,13,12,11,10,14,13,10,11,14,0,14,14,13,12,12,13,14,10,12,10,12,13,13,10,11,14
10,10,14,13,14,14,12,14,10,11,11,10,10,13,11,14,14,11,11,13,14,12,12,13,11,13,14,10,13,13,10,12,10,11,14,13,11,13,14,10,12,14,12,10,12,13,14,13,13,12,13,12,14,13,14,13,13,11,11,10,10,12,10,11,11,14,10,14,14,13,13,10,11,11,11,10,14,11,10,12,13,10,11,10,0,10,13,12,12,11,11,14,10,11,14,10,14,13,10,14
12,13,10,14,10,14,12,10,13,11,14,13,11,10,13,11,14,10,10,11,12,11,13,12,12,13,12,13,11,11,11,11,14,12,12,14,12,11,11,10,12,12,14,10,11,13,13,10,13,12,10,14,12,13,11,11,14,12,11,11,11,13,14,12,10,13,13,13,12,13,14,13,14,14,13,14,12,12,11,14,10,12,10,14,10,0,11,13,11,10,11,14,14,14,14,13,14,13,11,14
13,10,14,12,14,13,11,10,13,14,11,13,12,11,12,11,14,12,14,11,14,14,11,13,10,13,14,14,14,10,14,11,10,12,13,13,11,14,11,11,13,11,10,11,14,13,12,13,11,13,14,11,14,10,10,13,13,11,12,10,13,12,10,12,14,10,12,14,12,13,10,14,11,13,12,12,14,14,13,12,11,10,12,11,11,13,0,12,10,12,10,10,14,12,11,12,11,10,12,12
13,10,13,10,13,12,14,14,10,12,13,14,14,12,10,13,13,10,14,11,11,13,12,11,12,13,10,12,10,10,11,11,11,12,10,11,13,14,13,13,11,13,11,12,14,10,11,12,11,12,14,11,11,11,10,10,13,11,13,10,12,12,14,10,11,11,12,11,12,13,10,13,11,10,10,12,11,14,12,11,12,12,10,13,11,14,10,0,10,11,14,13,11,11,13,11,13,14,11,11
13,13,14,10,13,11,10,10,10,11,13,13,13,13,11,12,14,11,11,13,11,10,12,14,12,10,14,11,12,14,11,12,10,13,14,13,12,12,12,12,11,14,14,13,12,11,14,13,10,10,11,11,13,12,14,12,10,14,12,12,12,13,12,11,14,11,12,10,14,12,10,12,14,14,12,12,11,13,11,11,10,10,11,11,13,14,14,13,0,14,12,13,12,14,14,14,12,11,13,14
11,13,14,14,12,10,14,12,14,10,11,11,11,13,11,12,11,12,11,12,14,12,14,11,11,13,12,12,10,14,14,10,12,14,10,13,10,11,13,11,13,12,14,12,12,10,12,14,13,11,13,10,10,10,10,14,13,13,12,13,12,11,11,10,10,11,14,12,12,13,11,14,13,14,14,11,12,12,14,10,11,13,14,13,10,13,14,11,14,0,10,14,12,14,14,14,11,10,14,11
10,11,14,11,14,10,14,12,11,11,13,12,10,14,11,12,13,12,13,10,12,11,12,13,12,13,13,14,13,10,12,10,13,10,13,13,11,12,14,13,10,11,13,14,10,13,13,13,12,12,10,14,12,14,14,14,14,11,13,11,11,14,13,11,14,12,14,10,11,12,10,11,12,10,14,10,12,12,12,14,14,10,12,10,14,13,13,14,11,13,0,14,10,13,13,11,10,12,12,10
13,14,13,12,14,12,14,11,12,14,13,11,11,14,14,11,10,12,12,11,11,14,14,13,12,13,10,13,14,13,13,12,10,12,14,10,10,13,12,13,10,11,10,14,12,12,12,11,13,11,10,13,14,11,14,13,14,10,10,11,12,10,11,14,10,11,11,14,14,14,11,12,10,14,10,14,13,10,11,14,11,14,14,12,12,10,12,13,12,10,11,0,10,13,11,11,14,14,11,13
11,11,12,11,14,10,13,13,10,10,10,10,13,14,10,10,12,11,14,11,10,13,12,12,14,13,10,14,13,12,10,14,12,11,10,13,13,12,10,12,14,11,12,13,12,10,12,11,12,11,13,13,10,14,12,12,14,10,12,11,10,13,14,13,14,10,13,12,13,12,11,10,10,11,12,14,11,13,10,13,11,14,11,12,13,11,13,12,13,12,14,13,0,10,13,11,10,12,14,13
11,11,14,12,10,14,13,13,13,11,13,11,10,10,13,10,10,12,11,14,12,12,10,13,11,12,13,10,12,14,12,11,12,10,13,12,11,11,11,13,10,13,14,10,10,11,14,12,11,13,11,12,11,14,10,13,10,11,11,12,11,13,10,13,14,12,13,10,11,11,14,14,11,13,13,14,12,10,13,10,13,10,13,13,13,14,10,12,14,14,11,14,10,0,13,12,12,12,10,11
13,12,14,11,10,14,11,11,12,11,11,11,10,12,10,14,10,10,12,14,14,11,11,10,11,14,14,13,13,10,11,11,11,13,10,12,14,14,12,14,12,12,12,10,12,13,10,11,14,13,12,12,10,10,12,11,10,13,14,11,10,13,13,12,10,10,14,12,12,12,10,10,12,13,12,11,13,10,13,13,13,12,13,14,13,14,10,10,11,13,12,11,10,11,0,14,14,14,10,10
12,14,13,14,11,13,11,14,12,13,10,12,10,10,10,12,12,14,14,13,10,14,13,11,13,10,13,10,11,13,13,12,13,14,10,14,10,12,11,11,12,14,13,12,10,10,11,11,14,14,11,14,14,11,14,13,10,12,10,11,14,11,13,13,14,13,14,10,14,11,12,14,12,13,11,11,10,10,11,12,13,12,10,11,12,13,12,11,14,12,13,13,12,10,11,0,10,10,14,12
12,11,11,11,12,12,11,12,11,10,13,12,10,11,13,12,11,10,11,11,11,10,12,10,12,13,13,12,11,11,10,10,11,13,13,11,12,11,12,14,10,10,10,11,11,10,13,12,13,13,14,14,14,13,11,11,13,11,13,14,13,13,11,14,14,12,10,11,12,11,14,10,13,11,10,10,14,11,14,12,10,11,13,12,12,11,11,13,12,12,12,11,12,13,11,11,0,14,10,12
13,14,11,14,12,13,14,11,12,12,10,11,11,12,11,13,11,10,13,12,13,11,12,14,14,13,13,12,14,10,14,10,13,14,10,13,14,11,11,13,13,14,14,10,11,10,11,14,10,10,10,11,11,13,14,12,11,11,10,13,10,11,12,11,12,14,12,12,11,13,13,14,13,14,14,13,12,12,13,13,12,14,11,14,14,12,14,10,14,13,11,13,11,13,13,11,11,0,12,12
11,13,13,12,12,11,10,13,12,13,10,10,14,13,11,10,10,14,13,11,14,10,11,12,13,11,10,12,14,10,13,11,14,14,11,10,14,12,14,12,14,14,11,12,14,13,12,10,10,12,13,11,13,10,13,11,11,10,14,10,10,12,13,12,10,13,10,10,11,10,11,13,10,10,12,10,13,14,13,10,14,10,12,11,11,11,13,14,11,10,14,13,13,14,12,11,11,14,0,12
10,12,12,13,14,11,10,11,13,12,12,12,12,11,13,10,14,10,11,10,13,10,11,14,11,11,12,14,10,12,11,14,14,11,13,12,12,11,13,10,11,14,14,11,13,12,12,11,14,13,12,10,14,14,13,14,11,13,11,12,13,10,10,10,11,13,13,10,13,11,13,12,11,11,14,14,10,14,10,14,14,10,10,12,10,10,14,10,13,13,11,13,14,10,11,10,13,14,10,0
