R=15
Pi=(12,11,14,17,16,14,13,19,11,16,10,12,13,19,16)
A=
1,2,0
3,4,43
4,5,43
6,7,0
8,9,57
10,11,0
13,15,59
Sij=
0,9,9,5,7,7,6,9,8,6,7,8,8,7,6
6,0,7,5,6,8,6,5,9,5,9,7,8,5,5
6,5,0,6,7,6,9,9,8,6,5,5,7,9,7
8,9,5,0,7,6,5,7,6,6,6,5,8,9,9
8,5,5,9,0,6,9,7,6,5,5,6,7,6,7
6,5,5,6,7,0,8,5,5,9,9,6,9,8,9
8,9,7,8,5,5,0,5,5,5,6,6,5,9,7
9,9,5,9,8,9,5,0,6,6,8,5,5,8,8
6,5,7,6,6,8,8,5,0,7,8,6,6,7,5
9,9,5,6,9,8,6,9,9,0,7,6,8,9,6
8,8,7,5,6,6,9,5,8,9,0,9,6,9,8
7,7,7,6,6,9,6,6,8,9,6,0,9,6,6
5,5,9,7,9,6,7,8,5,6,5,5,0,6,9
5,5,7,7,9,8,7,7,9,9,6,9,5,0,7
5,8,9,6,5,7,9,8,5,6,7,8,6,8,0
