R=15
Pi=(22,21,24,27,26,24,23,29,21,26,20,22,23,29,26)
A=
1,2,0
3,4,43
4,5,43
6,7,0
8,9,57
10,11,0
13,15,59
Sij=
0,14,14,10,12,12,11,14,13,11,12,13,13,12,11
11,0,12,10,11,13,11,10,14,10,14,12,13,10,10
11,10,0,11,12,11,14,14,13,11,10,10,12,14,12
13,14,10,0,12,11,10,12,11,11,11,10,13,14,14
13,10,10,14,0,11,14,12,11,10,10,11,12,11,12
11,10,10,11,12,0,13,10,10,14,14,11,14,13,14
13,14,12,13,10,10,0,10,10,10,11,11,10,14,12
14,14,10,14,13,14,10,0,11,11,13,10,10,13,13
11,10,12,11,11,13,13,10,0,12,13,11,11,12,10
14,14,10,11,14,13,11,14,14,0,12,11,13,14,11
13,13,12,10,11,11,14,10,13,14,0,14,11,14,13
12,12,12,11,11,14,11,11,13,14,11,0,14,11,11
10,10,14,12,14,11,12,13,10,11,10,10,0,11,14
10,10,12,12,14,13,12,12,14,14,11,14,10,0,12
10,13,14,11,10,12,14,13,10,11,12,13,11,13,0
