R=20
Pi=(12,11,14,17,16,14,13,19,11,16,10,12,13,19,16,16,12,16,17,17)
A=
1,2,0
2,3,0
4,5,46
5,6,53
11,13,0
12,14,50
13,15,0
14,16,44
15,17,0
17,19,58
Sij=
0,5,9,7,8,5,5,6,5,6,7,6,9,9,8,6,5,5,7,9
7,0,8,9,5,7,6,5,7,6,6,6,5,8,9,9,8,5,5,9
6,9,0,7,6,5,5,6,7,6,7,6,5,5,6,7,8,5,5,9
9,6,9,0,8,9,8,9,7,8,5,5,5,5,5,6,6,5,9,7
9,9,5,9,0,8,9,5,6,6,8,5,5,8,8,6,5,7,6,6
8,8,5,7,8,0,6,6,7,5,9,9,5,6,9,8,6,9,9,7
6,8,9,6,8,8,0,7,5,6,6,9,5,8,9,9,6,9,8,7
7,7,6,6,9,6,6,0,8,9,6,9,6,6,5,5,9,7,9,6
7,8,5,6,5,5,6,9,0,5,5,7,7,9,8,7,7,9,9,6
9,5,7,5,8,9,6,5,7,0,9,8,5,6,7,8,6,8,6,6
6,6,7,6,5,7,6,8,5,8,0,9,8,5,5,5,9,5,5,8
7,7,8,5,8,5,7,5,5,5,5,0,7,9,5,8,8,5,6,8
6,7,6,5,6,7,7,5,7,5,6,7,0,7,5,9,8,9,8,5
9,6,8,7,6,8,9,5,5,7,7,6,9,0,7,7,8,5,5,6
7,8,5,9,5,5,9,7,8,6,9,6,8,9,0,9,7,6,7,5
5,6,6,6,7,8,9,8,6,5,5,6,8,8,7,0,6,7,8,7
8,7,6,6,6,9,6,5,8,7,9,5,5,6,5,9,0,9,6,7
8,6,5,7,7,7,8,9,5,8,6,8,7,9,9,9,8,0,8,5
9,6,6,7,6,5,6,9,9,5,8,8,8,5,9,9,5,7,0,9
8,8,8,9,5,6,7,8,7,6,5,6,7,5,8,6,5,7,8,0
