R=20
Pi=(12,11,14,17,16,14,13,19,11,16,10,12,13,19,16,16,12,16,17,17)
A=
1,2,0
2,3,0
4,5,26
5,6,33
11,13,0
12,14,30
13,15,0
14,16,24
15,17,0
17,19,38
Sij=
0,10,14,12,13,10,10,11,10,11,12,11,14,14,13,11,10,10,12,14
12,0,13,14,10,12,11,10,12,11,11,11,10,13,14,14,13,10,10,14
11,14,0,12,11,10,10,11,12,11,12,11,10,10,11,12,13,10,10,14
14,11,14,0,13,14,13,14,12,13,10,10,10,10,10,11,11,10,14,12
14,14,10,14,0,13,14,10,11,11,13,10,10,13,13,11,10,12,11,11
13,13,10,12,13,0,11,11,12,10,14,14,10,11,14,13,11,14,14,12
11,13,14,11,13,13,0,12,10,11,11,14,10,13,14,14,11,14,13,12
12,12,11,11,14,11,11,0,13,14,11,14,11,11,10,10,14,12,14,11
12,13,10,11,10,10,11,14,0,10,10,12,12,14,13,12,12,14,14,11
14,10,12,10,13,14,11,10,12,0,14,13,10,11,12,13,11,13,11,11
11,11,12,11,10,12,11,13,10,13,0,14,13,10,10,10,14,10,10,13
12,12,13,10,13,10,12,10,10,10,10,0,12,14,10,13,13,10,11,13
11,12,11,10,11,12,12,10,12,10,11,12,0,12,10,14,13,14,13,10
14,11,13,12,11,13,14,10,10,12,12,11,14,0,12,12,13,10,10,11
12,13,10,14,10,10,14,12,13,11,14,11,13,14,0,14,12,11,12,10
10,11,11,11,12,13,14,13,11,10,10,11,13,13,12,0,11,12,13,12
13,12,11,11,11,14,11,10,13,12,14,10,10,11,10,14,0,14,11,12
13,11,10,12,12,12,13,14,10,13,11,13,12,14,14,14,13,0,13,10
14,11,11,12,11,10,11,14,14,10,13,13,13,10,14,14,10,12,0,14
13,13,13,14,10,11,12,13,12,11,10,11,12,10,13,11,10,12,13,0
