R=25
Pi=(12,11,14,17,16,14,13,19,11,16,10,12,13,19,16,16,12,16,17,17,19,10,11,13,17)
A=
1,2,0
2,3,0
5,6,57
6,7,53
10,11,44
11,12,47
14,15,0
17,18,0
19,21,0
20,22,57
21,23,0
22,24,42
Sij=
0,12,11,10,12,11,11,11,10,13,14,14,13,10,10,14,11,14,12,11,10,10,11,12,11
12,0,11,10,10,11,12,13,10,10,14,14,11,14,13,14,13,14,12,13,10,10,10,10,10
11,11,0,10,14,12,14,14,10,14,13,14,10,11,11,13,10,10,13,13,11,10,12,11,11
13,13,10,0,12,13,11,11,12,10,14,14,10,11,14,13,11,14,14,12,11,13,14,11,13
13,12,10,11,0,11,14,10,13,14,14,11,14,13,12,12,12,11,11,14,11,11,13,14,11
14,11,11,10,10,0,14,12,14,11,12,13,10,11,10,10,11,14,10,10,12,12,14,13,12
12,14,14,11,14,10,0,12,10,13,14,11,10,12,14,13,10,11,12,13,11,13,11,11,11
11,12,11,10,12,11,13,0,10,13,14,13,10,10,10,14,10,10,13,12,12,13,10,13,10
12,10,10,10,10,12,14,10,0,13,13,10,11,13,11,12,11,10,11,12,12,10,12,10,11
12,12,10,14,13,14,13,10,14,0,11,13,12,11,13,14,10,10,12,12,11,14,12,12,13
10,10,11,12,13,10,14,10,10,14,0,12,13,11,14,11,13,14,14,12,11,12,10,10,11
11,11,12,13,14,13,11,10,10,11,13,0,13,12,11,12,13,12,13,12,11,11,11,14,11
10,13,12,14,10,10,11,10,14,14,11,12,0,13,11,10,12,12,12,13,14,10,13,11,13
12,14,14,14,13,13,10,14,11,11,12,11,10,0,11,14,14,10,13,13,13,10,14,14,10
12,14,13,13,13,14,10,11,12,13,12,11,10,11,0,12,10,13,11,10,12,13,14,11,11
12,13,13,12,10,12,13,12,14,13,12,13,10,11,11,0,11,10,10,13,11,14,13,13,14
10,12,14,13,14,11,11,13,13,12,11,14,11,13,11,14,0,10,14,11,11,13,14,10,12
14,14,12,13,11,14,12,14,10,14,11,13,13,14,13,12,12,0,14,10,12,10,12,10,11
13,13,11,14,12,11,10,11,11,12,14,10,14,13,12,13,14,12,0,13,11,12,13,11,11
11,13,14,14,13,13,11,11,13,10,14,12,13,13,11,13,13,14,11,0,11,10,13,13,14
11,12,13,13,13,13,14,10,12,10,13,13,12,10,12,13,10,12,11,14,0,13,14,14,11
10,10,13,12,11,14,11,12,10,10,12,11,14,12,12,10,10,14,14,13,14,0,13,11,12
11,13,10,12,12,13,10,12,12,11,13,13,10,12,13,13,13,10,13,11,12,11,0,13,12
14,11,14,14,14,11,11,11,13,10,10,13,13,13,10,11,10,10,13,13,14,13,10,0,13
10,11,14,14,14,10,14,10,14,12,12,10,14,11,12,11,14,11,10,14,11,10,14,10,0
