R=25
Pi=(22,21,24,27,26,24,23,29,21,26,20,22,23,29,26,26,22,26,27,27,29,20,21,23,27)
A=
1,2,0
2,3,0
5,6,37
6,7,33
10,11,24
11,12,27
14,15,0
17,18,0
19,21,0
20,22,37
21,23,0
22,24,22
Sij=
0,7,6,5,7,6,6,6,5,8,9,9,8,5,5,9,6,9,7,6,5,5,6,7,6
7,0,6,5,5,6,7,8,5,5,9,9,6,9,8,9,8,9,7,8,5,5,5,5,5
6,6,0,5,9,7,9,9,5,9,8,9,5,6,6,8,5,5,8,8,6,5,7,6,6
8,8,5,0,7,8,6,6,7,5,9,9,5,6,9,8,6,9,9,7,6,8,9,6,8
8,7,5,6,0,6,9,5,8,9,9,6,9,8,7,7,7,6,6,9,6,6,8,9,6
9,6,6,5,5,0,9,7,9,6,7,8,5,6,5,5,6,9,5,5,7,7,9,8,7
7,9,9,6,9,5,0,7,5,8,9,6,5,7,9,8,5,6,7,8,6,8,6,6,6
6,7,6,5,7,6,8,0,5,8,9,8,5,5,5,9,5,5,8,7,7,8,5,8,5
7,5,5,5,5,7,9,5,0,8,8,5,6,8,6,7,6,5,6,7,7,5,7,5,6
7,7,5,9,8,9,8,5,9,0,6,8,7,6,8,9,5,5,7,7,6,9,7,7,8
5,5,6,7,8,5,9,5,5,9,0,7,8,6,9,6,8,9,9,7,6,7,5,5,6
6,6,7,8,9,8,6,5,5,6,8,0,8,7,6,7,8,7,8,7,6,6,6,9,6
5,8,7,9,5,5,6,5,9,9,6,7,0,8,6,5,7,7,7,8,9,5,8,6,8
7,9,9,9,8,8,5,9,6,6,7,6,5,0,6,9,9,5,8,8,8,5,9,9,5
7,9,8,8,8,9,5,6,7,8,7,6,5,6,0,7,5,8,6,5,7,8,9,6,6
7,8,8,7,5,7,8,7,9,8,7,8,5,6,6,0,6,5,5,8,6,9,8,8,9
5,7,9,8,9,6,6,8,8,7,6,9,6,8,6,9,0,5,9,6,6,8,9,5,7
9,9,7,8,6,9,7,9,5,9,6,8,8,9,8,7,7,0,9,5,7,5,7,5,6
8,8,6,9,7,6,5,6,6,7,9,5,9,8,7,8,9,7,0,8,6,7,8,6,6
6,8,9,9,8,8,6,6,8,5,9,7,8,8,6,8,8,9,6,0,6,5,8,8,9
6,7,8,8,8,8,9,5,7,5,8,8,7,5,7,8,5,7,6,9,0,8,9,9,6
5,5,8,7,6,9,6,7,5,5,7,6,9,7,7,5,5,9,9,8,9,0,8,6,7
6,8,5,7,7,8,5,7,7,6,8,8,5,7,8,8,8,5,8,6,7,6,0,8,7
9,6,9,9,9,6,6,6,8,5,5,8,8,8,5,6,5,5,8,8,9,8,5,0,8
5,6,9,9,9,5,9,5,9,7,7,5,9,6,7,6,9,6,5,9,6,5,9,5,0
