R=50
Pi=(12,11,14,17,16,14,13,19,11,16,10,12,13,19,16,16,12,16,17,17,19,10,11,13,17,11,17,13,18,18,15,17,16,10,19,18,18,10,15,15,12,19,16,13,14,16,16,14,12,13)
A=
1,2,0
2,3,28
6,7,0
7,8,0
8,9,0
9,10,0
10,11,22
11,12,20
13,15,0
16,17,0
18,19,24
19,20,32
20,21,36
21,22,30
22,23,28
23,24,0
24,25,24
26,27,28
30,32,30
32,34,0
34,36,0
35,37,0
46,48,0
47,49,20
48,50,23
Sij=
0,12,14,10,13,13,10,11,13,11,12,11,10,11,12,12,10,12,10,11,12,12,10,14,13,14,13,10,14,11,13,12,11,13,14,10,10,12,12,11,14,12,12,13,10,10,11,12,13,10
14,0,10,10,14,12,13,11,14,11,13,14,14,12,11,12,10,10,11,11,11,12,13,14,13,11,10,10,11,13,13,12,11,12,13,12,13,12,11,11,11,14,11,10,13,12,14,10,10,11
10,14,0,14,11,12,13,11,10,12,12,12,13,14,10,13,11,13,12,14,14,14,13,13,10,14,11,11,12,11,10,11,14,14,10,13,13,13,10,14,14,10,12,14,13,13,13,14,10,11
12,13,12,0,11,10,11,12,10,13,11,10,12,13,14,11,11,12,13,13,12,10,12,13,12,14,13,12,13,10,11,11,11,10,10,13,11,14,13,13,14,10,12,14,13,14,11,11,13,13
12,11,14,11,0,13,11,14,10,14,11,11,13,14,10,12,14,14,12,13,11,14,12,14,10,14,11,13,13,14,13,12,12,14,10,12,10,12,10,11,13,13,11,14,12,11,10,11,11,12
14,10,14,13,12,0,13,14,12,13,11,12,13,11,11,11,13,14,14,13,13,11,11,13,10,14,12,13,13,11,13,13,14,11,11,10,13,13,14,11,12,13,13,13,13,14,10,12,10,13
13,12,10,12,13,10,0,12,11,14,13,14,14,11,10,10,13,12,11,14,11,12,10,10,12,11,14,12,12,10,10,14,14,13,14,13,11,12,11,13,10,12,12,13,10,12,12,11,13,13
10,12,13,13,13,10,13,0,11,12,11,13,12,14,11,14,14,14,11,11,11,13,10,10,13,13,13,10,11,10,10,13,13,14,13,10,13,10,11,14,14,14,10,14,10,14,12,12,10,14
11,12,11,14,11,10,14,11,0,10,14,10,14,11,11,12,12,10,13,10,11,10,13,12,11,12,12,13,10,14,13,10,10,14,12,13,13,12,13,12,13,10,11,14,12,14,14,13,14,12
13,14,14,12,14,13,12,14,14,0,12,14,12,14,12,11,13,14,14,14,12,14,14,11,10,12,10,14,13,10,12,12,13,13,12,11,14,11,13,10,13,11,13,12,11,13,11,11,14,12
14,14,14,13,11,13,13,13,13,10,0,13,13,13,14,12,14,10,13,11,10,12,11,11,14,10,11,10,12,10,12,11,14,10,11,11,13,13,10,12,14,12,10,13,13,11,14,12,14,10
11,12,12,10,13,10,12,12,10,13,10,0,13,11,12,10,13,14,13,12,13,14,11,10,11,12,12,11,13,13,12,10,13,11,11,13,14,13,14,12,10,13,10,13,11,12,10,11,12,12
14,12,11,14,11,11,10,12,11,12,10,13,0,14,14,12,12,11,11,14,14,10,10,14,11,11,14,13,13,13,14,11,11,13,10,13,14,14,14,10,10,12,12,12,11,11,12,14,10,10
13,10,14,12,13,12,13,12,10,13,11,12,12,0,13,12,11,13,14,13,10,12,13,12,11,13,12,12,13,13,14,13,14,12,12,10,13,11,14,10,13,14,12,13,10,13,13,14,14,14
10,12,13,10,10,12,14,13,13,13,10,14,10,14,0,11,14,11,14,10,13,13,14,14,13,10,10,10,10,11,12,10,13,13,13,13,11,10,13,12,10,10,14,13,10,10,14,14,12,12
11,11,14,14,11,11,10,13,10,10,10,11,14,12,11,0,13,12,10,12,11,14,14,13,12,10,12,13,11,13,13,10,11,13,12,10,10,11,14,12,12,12,12,10,12,12,13,10,12,12
12,12,13,11,11,12,12,13,11,13,13,12,14,14,12,10,0,13,13,12,12,11,12,13,13,10,13,11,14,10,14,12,11,11,13,11,10,11,14,12,14,12,11,14,10,13,14,13,13,12
12,13,14,13,10,11,10,14,10,11,12,11,12,13,11,11,11,0,11,10,12,11,13,14,11,12,14,14,13,13,14,10,14,13,11,12,11,12,13,10,12,11,10,10,13,14,13,10,12,12
13,12,13,13,10,11,13,14,13,10,11,11,11,11,11,10,13,12,0,11,10,10,14,13,10,12,11,11,13,10,12,14,14,12,10,14,11,11,11,12,10,14,11,14,12,13,11,14,13,14
12,11,10,13,12,12,13,14,12,10,14,14,10,13,11,11,12,14,11,0,11,14,13,11,10,11,11,13,14,10,11,10,11,12,13,12,10,13,10,14,13,10,12,13,10,13,10,13,13,13
10,11,12,13,12,14,14,14,10,12,10,13,14,13,11,14,12,12,11,11,0,10,12,11,14,12,10,12,14,11,12,10,12,10,11,14,10,13,13,10,14,13,11,13,13,14,14,11,14,12
10,10,13,12,11,13,13,14,12,10,11,12,14,13,13,11,13,13,12,13,10,0,11,14,12,11,12,14,14,13,10,12,13,12,12,10,11,12,14,13,13,11,10,10,13,13,12,14,12,10
12,10,11,14,10,12,14,11,11,10,14,13,13,11,12,12,13,14,11,12,11,13,0,14,14,14,12,14,10,11,13,14,13,11,14,11,14,11,14,12,10,11,10,11,13,14,14,13,14,13
10,10,13,12,10,13,13,11,12,10,13,12,14,10,12,11,10,12,13,10,12,11,13,0,11,11,10,11,12,10,14,14,13,10,11,10,13,10,10,10,10,12,13,13,13,14,12,12,14,14
12,13,11,14,14,10,14,11,11,10,10,12,11,11,12,10,14,12,12,14,13,10,10,12,0,12,12,14,12,14,12,13,12,11,12,13,10,12,13,10,11,11,12,14,14,10,13,10,12,11
12,14,10,10,14,10,11,13,14,12,11,11,11,11,14,11,12,10,13,12,11,13,10,11,11,0,13,10,11,10,11,13,12,11,10,11,12,13,12,11,11,11,12,13,11,14,14,14,11,14
13,13,13,11,14,10,14,13,14,14,11,10,14,13,12,13,14,10,10,14,11,13,14,14,11,11,0,14,14,13,12,11,13,14,11,12,13,10,10,11,10,12,14,14,13,10,11,12,13,10
13,10,14,13,11,13,14,13,14,14,13,11,14,10,12,12,12,10,12,11,13,12,13,13,10,12,12,0,14,11,13,10,13,10,14,14,12,12,14,12,13,12,14,11,10,13,14,12,13,12
10,12,11,14,12,11,11,11,10,13,14,11,10,12,10,14,14,10,10,10,14,10,12,12,14,13,13,10,0,12,14,10,14,13,12,11,10,14,14,12,12,13,10,11,11,13,12,12,12,11
11,13,13,11,13,12,14,10,13,10,14,13,11,13,10,13,14,12,12,10,14,10,10,13,13,12,14,14,11,0,14,11,10,11,13,11,11,11,13,14,10,11,10,10,13,13,14,11,11,10
13,13,14,14,11,12,10,13,10,13,11,12,10,13,13,14,13,12,13,11,14,11,11,12,12,14,13,14,12,14,0,14,10,12,13,13,11,11,10,14,11,10,13,10,10,12,12,10,12,12
14,10,12,13,10,10,11,12,11,12,12,13,11,10,11,13,10,10,12,10,12,12,12,12,11,10,11,11,10,10,10,0,13,11,12,13,14,12,12,12,12,12,13,14,13,11,12,14,12,14
11,11,12,13,11,14,11,12,14,11,14,14,10,11,11,12,13,11,14,12,11,11,13,12,14,13,13,13,13,10,14,11,0,14,12,14,13,12,10,10,12,12,11,13,11,13,13,12,12,12
11,13,10,10,10,12,10,13,14,13,13,10,13,13,13,12,12,10,13,12,13,14,13,11,11,10,10,13,12,14,11,11,11,0,10,12,12,13,11,14,14,13,14,13,11,11,11,13,13,14
13,10,13,14,10,13,11,14,14,13,14,12,12,11,14,12,11,14,12,11,10,14,11,11,13,13,14,11,12,14,14,11,12,13,0,13,14,12,12,11,11,10,12,14,12,14,12,11,13,13
13,10,12,11,11,13,14,13,12,10,11,14,10,12,14,13,13,14,13,12,10,10,14,13,10,10,13,14,13,11,10,12,10,12,13,0,14,11,14,10,14,13,10,10,11,14,12,10,14,10
14,10,12,12,10,13,13,10,14,10,11,10,14,10,10,14,14,13,13,14,14,11,13,14,13,13,14,10,13,13,12,14,13,14,14,11,0,13,14,14,13,10,14,12,13,13,14,13,10,14
11,14,13,12,10,10,12,11,12,13,12,14,12,12,10,13,11,11,10,11,14,11,14,13,14,13,14,14,14,11,14,10,13,10,11,13,14,0,12,12,13,11,14,10,10,12,14,12,12,11
10,11,12,13,14,14,14,10,14,12,12,11,13,12,11,14,12,10,11,10,11,14,14,13,11,14,10,11,13,11,10,10,12,12,14,14,11,11,0,14,10,11,13,14,10,10,12,13,12,14
11,10,13,10,11,10,11,12,14,12,10,14,13,11,13,12,11,13,10,13,11,13,10,11,11,14,12,10,14,13,13,10,12,12,12,10,11,10,11,0,12,12,12,12,13,13,11,13,12,10
12,14,14,13,14,12,12,14,11,14,11,12,11,13,10,13,10,12,11,13,12,10,11,11,12,10,13,11,11,13,14,11,10,14,11,13,14,11,13,14,0,10,10,10,10,14,10,10,14,11
10,13,13,11,13,12,11,13,12,10,13,14,10,13,13,14,10,11,11,11,11,14,13,13,11,13,12,10,10,11,12,10,14,10,11,14,11,14,11,12,10,0,10,12,11,14,10,14,12,11
10,14,13,13,13,14,11,10,10,14,10,10,10,12,10,13,13,14,10,11,13,13,11,14,14,11,11,11,12,13,11,14,14,14,14,12,13,11,10,10,10,14,0,10,14,11,12,14,12,11
13,11,10,14,10,12,12,13,13,13,12,13,14,13,11,13,11,10,11,13,13,14,12,14,14,11,14,13,11,13,12,11,13,10,14,12,11,10,13,11,12,14,14,0,12,13,12,10,11,13
11,10,11,13,14,13,13,14,11,14,14,13,14,11,10,11,11,14,14,13,14,12,11,11,14,10,13,10,14,10,12,10,12,14,10,13,10,12,14,11,10,12,14,10,0,14,13,13,12,14
10,12,12,11,12,14,13,14,10,14,13,14,13,14,10,12,13,10,14,11,12,10,13,10,12,13,11,12,10,11,11,12,11,10,13,13,14,13,10,10,11,14,10,13,10,0,11,12,13,14
12,11,12,13,11,12,10,14,11,14,14,12,11,13,13,12,11,13,12,10,12,12,14,10,14,14,13,10,14,10,11,10,13,13,12,10,13,13,14,13,13,13,12,14,10,12,0,14,10,12
10,14,12,10,12,11,10,11,11,14,12,14,14,14,11,13,13,14,13,10,12,13,12,14,13,11,13,10,10,10,11,14,12,12,13,11,13,10,10,11,12,14,12,14,12,14,13,0,14,10
11,11,13,11,14,10,11,11,13,11,10,12,14,10,11,12,12,11,12,10,10,10,13,13,11,13,12,11,13,11,14,13,14,14,14,13,13,13,13,12,11,14,14,13,14,13,12,13,0,10
11,14,12,11,13,10,11,13,14,14,11,12,10,12,11,12,12,13,14,11,13,14,14,13,10,14,10,10,10,14,13,10,13,11,12,12,11,11,11,14,13,14,13,13,12,14,11,12,12,0
