R=50
Pi=(12,11,14,17,16,14,13,19,11,16,10,12,13,19,16,16,12,16,17,17,19,10,11,13,17,11,17,13,18,18,15,17,16,10,19,18,18,10,15,15,12,19,16,13,14,16,16,14,12,13)
A=
1,2,0
2,3,48
6,7,0
7,8,0
8,9,0
9,10,0
10,11,42
11,12,40
13,15,0
16,17,0
18,19,44
19,20,52
20,21,56
21,22,50
22,23,48
23,24,0
24,25,44
26,27,48
30,32,50
32,34,0
34,36,0
35,37,0
46,48,0
47,49,40
48,50,43
Sij=
0,7,9,5,8,8,5,6,8,6,7,6,5,6,7,7,5,7,5,6,7,7,5,9,8,9,8,5,9,6,8,7,6,8,9,5,5,7,7,6,9,7,7,8,5,5,6,7,8,5
9,0,5,5,9,7,8,6,9,6,8,9,9,7,6,7,5,5,6,6,6,7,8,9,8,6,5,5,6,8,8,7,6,7,8,7,8,7,6,6,6,9,6,5,8,7,9,5,5,6
5,9,0,9,6,7,8,6,5,7,7,7,8,9,5,8,6,8,7,9,9,9,8,8,5,9,6,6,7,6,5,6,9,9,5,8,8,8,5,9,9,5,7,9,8,8,8,9,5,6
7,8,7,0,6,5,6,7,5,8,6,5,7,8,9,6,6,7,8,8,7,5,7,8,7,9,8,7,8,5,6,6,6,5,5,8,6,9,8,8,9,5,7,9,8,9,6,6,8,8
7,6,9,6,0,8,6,9,5,9,6,6,8,9,5,7,9,9,7,8,6,9,7,9,5,9,6,8,8,9,8,7,7,9,5,7,5,7,5,6,8,8,6,9,7,6,5,6,6,7
9,5,9,8,7,0,8,9,7,8,6,7,8,6,6,6,8,9,9,8,8,6,6,8,5,9,7,8,8,6,8,8,9,6,6,5,8,8,9,6,7,8,8,8,8,9,5,7,5,8
8,7,5,7,8,5,0,7,6,9,8,9,9,6,5,5,8,7,6,9,6,7,5,5,7,6,9,7,7,5,5,9,9,8,9,8,6,7,6,8,5,7,7,8,5,7,7,6,8,8
5,7,8,8,8,5,8,0,6,7,6,8,7,9,6,9,9,9,6,6,6,8,5,5,8,8,8,5,6,5,5,8,8,9,8,5,8,5,6,9,9,9,5,9,5,9,7,7,5,9
6,7,6,9,6,5,9,6,0,5,9,5,9,6,6,7,7,5,8,5,6,5,8,7,6,7,7,8,5,9,8,5,5,9,7,8,8,7,8,7,8,5,6,9,7,9,9,8,9,7
8,9,9,7,9,8,7,9,9,0,7,9,7,9,7,6,8,9,9,9,7,9,9,6,5,7,5,9,8,5,7,7,8,8,7,6,9,6,8,5,8,6,8,7,6,8,6,6,9,7
9,9,9,8,6,8,8,8,8,5,0,8,8,8,9,7,9,5,8,6,5,7,6,6,9,5,6,5,7,5,7,6,9,5,6,6,8,8,5,7,9,7,5,8,8,6,9,7,9,5
6,7,7,5,8,5,7,7,5,8,5,0,8,6,7,5,8,9,8,7,8,9,6,5,6,7,7,6,8,8,7,5,8,6,6,8,9,8,9,7,5,8,5,8,6,7,5,6,7,7
9,7,6,9,6,6,5,7,6,7,5,8,0,9,9,7,7,6,6,9,9,5,5,9,6,6,9,8,8,8,9,6,6,8,5,8,9,9,9,5,5,7,7,7,6,6,7,9,5,5
8,5,9,7,8,7,8,7,5,8,6,7,7,0,8,7,6,8,9,8,5,7,8,7,6,8,7,7,8,8,9,8,9,7,7,5,8,6,9,5,8,9,7,8,5,8,8,9,9,9
5,7,8,5,5,7,9,8,8,8,5,9,5,9,0,6,9,6,9,5,8,8,9,9,8,5,5,5,5,6,7,5,8,8,8,8,6,5,8,7,5,5,9,8,5,5,9,9,7,7
6,6,9,9,6,6,5,8,5,5,5,6,9,7,6,0,8,7,5,7,6,9,9,8,7,5,7,8,6,8,8,5,6,8,7,5,5,6,9,7,7,7,7,5,7,7,8,5,7,7
7,7,8,6,6,7,7,8,6,8,8,7,9,9,7,5,0,8,8,7,7,6,7,8,8,5,8,6,9,5,9,7,6,6,8,6,5,6,9,7,9,7,6,9,5,8,9,8,8,7
7,8,9,8,5,6,5,9,5,6,7,6,7,8,6,6,6,0,6,5,7,6,8,9,6,7,9,9,8,8,9,5,9,8,6,7,6,7,8,5,7,6,5,5,8,9,8,5,7,7
8,7,8,8,5,6,8,9,8,5,6,6,6,6,6,5,8,7,0,6,5,5,9,8,5,7,6,6,8,5,7,9,9,7,5,9,6,6,6,7,5,9,6,9,7,8,6,9,8,9
7,6,5,8,7,7,8,9,7,5,9,9,5,8,6,6,7,9,6,0,6,9,8,6,5,6,6,8,9,5,6,5,6,7,8,7,5,8,5,9,8,5,7,8,5,8,5,8,8,8
5,6,7,8,7,9,9,9,5,7,5,8,9,8,6,9,7,7,6,6,0,5,7,6,9,7,5,7,9,6,7,5,7,5,6,9,5,8,8,5,9,8,6,8,8,9,9,6,9,7
5,5,8,7,6,8,8,9,7,5,6,7,9,8,8,6,8,8,7,8,5,0,6,9,7,6,7,9,9,8,5,7,8,7,7,5,6,7,9,8,8,6,5,5,8,8,7,9,7,5
7,5,6,9,5,7,9,6,6,5,9,8,8,6,7,7,8,9,6,7,6,8,0,9,9,9,7,9,5,6,8,9,8,6,9,6,9,6,9,7,5,6,5,6,8,9,9,8,9,8
5,5,8,7,5,8,8,6,7,5,8,7,9,5,7,6,5,7,8,5,7,6,8,0,6,6,5,6,7,5,9,9,8,5,6,5,8,5,5,5,5,7,8,8,8,9,7,7,9,9
7,8,6,9,9,5,9,6,6,5,5,7,6,6,7,5,9,7,7,9,8,5,5,7,0,7,7,9,7,9,7,8,7,6,7,8,5,7,8,5,6,6,7,9,9,5,8,5,7,6
7,9,5,5,9,5,6,8,9,7,6,6,6,6,9,6,7,5,8,7,6,8,5,6,6,0,8,5,6,5,6,8,7,6,5,6,7,8,7,6,6,6,7,8,6,9,9,9,6,9
8,8,8,6,9,5,9,8,9,9,6,5,9,8,7,8,9,5,5,9,6,8,9,9,6,6,0,9,9,8,7,6,8,9,6,7,8,5,5,6,5,7,9,9,8,5,6,7,8,5
8,5,9,8,6,8,9,8,9,9,8,6,9,5,7,7,7,5,7,6,8,7,8,8,5,7,7,0,9,6,8,5,8,5,9,9,7,7,9,7,8,7,9,6,5,8,9,7,8,7
5,7,6,9,7,6,6,6,5,8,9,6,5,7,5,9,9,5,5,5,9,5,7,7,9,8,8,5,0,7,9,5,9,8,7,6,5,9,9,7,7,8,5,6,6,8,7,7,7,6
6,8,8,6,8,7,9,5,8,5,9,8,6,8,5,8,9,7,7,5,9,5,5,8,8,7,9,9,6,0,9,6,5,6,8,6,6,6,8,9,5,6,5,5,8,8,9,6,6,5
8,8,9,9,6,7,5,8,5,8,6,7,5,8,8,9,8,7,8,6,9,6,6,7,7,9,8,9,7,9,0,9,5,7,8,8,6,6,5,9,6,5,8,5,5,7,7,5,7,7
9,5,7,8,5,5,6,7,6,7,7,8,6,5,6,8,5,5,7,5,7,7,7,7,6,5,6,6,5,5,5,0,8,6,7,8,9,7,7,7,7,7,8,9,8,6,7,9,7,9
6,6,7,8,6,9,6,7,9,6,9,9,5,6,6,7,8,6,9,7,6,6,8,7,9,8,8,8,8,5,9,6,0,9,7,9,8,7,5,5,7,7,6,8,6,8,8,7,7,7
6,8,5,5,5,7,5,8,9,8,8,5,8,8,8,7,7,5,8,7,8,9,8,6,6,5,5,8,7,9,6,6,6,0,5,7,7,8,6,9,9,8,9,8,6,6,6,8,8,9
8,5,8,9,5,8,6,9,9,8,9,7,7,6,9,7,6,9,7,6,5,9,6,6,8,8,9,6,7,9,9,6,7,8,0,8,9,7,7,6,6,5,7,9,7,9,7,6,8,8
8,5,7,6,6,8,9,8,7,5,6,9,5,7,9,8,8,9,8,7,5,5,9,8,5,5,8,9,8,6,5,7,5,7,8,0,9,6,9,5,9,8,5,5,6,9,7,5,9,5
9,5,7,7,5,8,8,5,9,5,6,5,9,5,5,9,9,8,8,9,9,6,8,9,8,8,9,5,8,8,7,9,8,9,9,6,0,8,9,9,8,5,9,7,8,8,9,8,5,9
6,9,8,7,5,5,7,6,7,8,7,9,7,7,5,8,6,6,5,6,9,6,9,8,9,8,9,9,9,6,9,5,8,5,6,8,9,0,7,7,8,6,9,5,5,7,9,7,7,6
5,6,7,8,9,9,9,5,9,7,7,6,8,7,6,9,7,5,6,5,6,9,9,8,6,9,5,6,8,6,5,5,7,7,9,9,6,6,0,9,5,6,8,9,5,5,7,8,7,9
6,5,8,5,6,5,6,7,9,7,5,9,8,6,8,7,6,8,5,8,6,8,5,6,6,9,7,5,9,8,8,5,7,7,7,5,6,5,6,0,7,7,7,7,8,8,6,8,7,5
7,9,9,8,9,7,7,9,6,9,6,7,6,8,5,8,5,7,6,8,7,5,6,6,7,5,8,6,6,8,9,6,5,9,6,8,9,6,8,9,0,5,5,5,5,9,5,5,9,6
5,8,8,6,8,7,6,8,7,5,8,9,5,8,8,9,5,6,6,6,6,9,8,8,6,8,7,5,5,6,7,5,9,5,6,9,6,9,6,7,5,0,5,7,6,9,5,9,7,6
5,9,8,8,8,9,6,5,5,9,5,5,5,7,5,8,8,9,5,6,8,8,6,9,9,6,6,6,7,8,6,9,9,9,9,7,8,6,5,5,5,9,0,5,9,6,7,9,7,6
8,6,5,9,5,7,7,8,8,8,7,8,9,8,6,8,6,5,6,8,8,9,7,9,9,6,9,8,6,8,7,6,8,5,9,7,6,5,8,6,7,9,9,0,7,8,7,5,6,8
6,5,6,8,9,8,8,9,6,9,9,8,9,6,5,6,6,9,9,8,9,7,6,6,9,5,8,5,9,5,7,5,7,9,5,8,5,7,9,6,5,7,9,5,0,9,8,8,7,9
5,7,7,6,7,9,8,9,5,9,8,9,8,9,5,7,8,5,9,6,7,5,8,5,7,8,6,7,5,6,6,7,6,5,8,8,9,8,5,5,6,9,5,8,5,0,6,7,8,9
7,6,7,8,6,7,5,9,6,9,9,7,6,8,8,7,6,8,7,5,7,7,9,5,9,9,8,5,9,5,6,5,8,8,7,5,8,8,9,8,8,8,7,9,5,7,0,9,5,7
5,9,7,5,7,6,5,6,6,9,7,9,9,9,6,8,8,9,8,5,7,8,7,9,8,6,8,5,5,5,6,9,7,7,8,6,8,5,5,6,7,9,7,9,7,9,8,0,9,5
6,6,8,6,9,5,6,6,8,6,5,7,9,5,6,7,7,6,7,5,5,5,8,8,6,8,7,6,8,6,9,8,9,9,9,8,8,8,8,7,6,9,9,8,9,8,7,8,0,5
6,9,7,6,8,5,6,8,9,9,6,7,5,7,6,7,7,8,9,6,8,9,9,8,5,9,5,5,5,9,8,5,8,6,7,7,6,6,6,9,8,9,8,8,7,9,6,7,7,0
