R=50
Pi=(22,21,24,27,26,24,23,29,21,26,20,22,23,29,26,26,22,26,27,27,29,20,21,23,27,21,27,23,28,28,25,27,26,20,29,28,28,20,25,25,22,29,26,23,24,26,26,24,22,23)
A=
1,2,0
2,3,48
6,7,0
7,8,0
8,9,0
9,10,0
10,11,42
11,12,40
13,15,0
16,17,0
18,19,44
19,20,52
20,21,56
21,22,50
22,23,48
23,24,0
24,25,44
26,27,48
30,32,50
32,34,0
34,36,0
35,37,0
46,48,0
47,49,40
48,50,43
Sij=
0,12,14,10,13,13,10,11,13,11,12,11,10,11,12,12,10,12,10,11,12,12,10,14,13,14,13,10,14,11,13,12,11,13,14,10,10,12,12,11,14,12,12,13,10,10,11,12,13,10
14,0,10,10,14,12,13,11,14,11,13,14,14,12,11,12,10,10,11,11,11,12,13,14,13,11,10,10,11,13,13,12,11,12,13,12,13,12,11,11,11,14,11,10,13,12,14,10,10,11
10,14,0,14,11,12,13,11,10,12,12,12,13,14,10,13,11,13,12,14,14,14,13,13,10,14,11,11,12,11,10,11,14,14,10,13,13,13,10,14,14,10,12,14,13,13,13,14,10,11
12,13,12,0,11,10,11,12,10,13,11,10,12,13,14,11,11,12,13,13,12,10,12,13,12,14,13,12,13,10,11,11,11,10,10,13,11,14,13,13,14,10,12,14,13,14,11,11,13,13
12,11,14,11,0,13,11,14,10,14,11,11,13,14,10,12,14,14,12,13,11,14,12,14,10,14,11,13,13,14,13,12,12,14,10,12,10,12,10,11,13,13,11,14,12,11,10,11,11,12
14,10,14,13,12,0,13,14,12,13,11,12,13,11,11,11,13,14,14,13,13,11,11,13,10,14,12,13,13,11,13,13,14,11,11,10,13,13,14,11,12,13,13,13,13,14,10,12,10,13
13,12,10,12,13,10,0,12,11,14,13,14,14,11,10,10,13,12,11,14,11,12,10,10,12,11,14,12,12,10,10,14,14,13,14,13,11,12,11,13,10,12,12,13,10,12,12,11,13,13
10,12,13,13,13,10,13,0,11,12,11,13,12,14,11,14,14,14,11,11,11,13,10,10,13,13,13,10,11,10,10,13,13,14,13,10,13,10,11,14,14,14,10,14,10,14,12,12,10,14
11,12,11,14,11,10,14,11,0,10,14,10,14,11,11,12,12,10,13,10,11,10,13,12,11,12,12,13,10,14,13,10,10,14,12,13,13,12,13,12,13,10,11,14,12,14,14,13,14,12
13,14,14,12,14,13,12,14,14,0,12,14,12,14,12,11,13,14,14,14,12,14,14,11,10,12,10,14,13,10,12,12,13,13,12,11,14,11,13,10,13,11,13,12,11,13,11,11,14,12
14,14,14,13,11,13,13,13,13,10,0,13,13,13,14,12,14,10,13,11,10,12,11,11,14,10,11,10,12,10,12,11,14,10,11,11,13,13,10,12,14,12,10,13,13,11,14,12,14,10
11,12,12,10,13,10,12,12,10,13,10,0,13,11,12,10,13,14,13,12,13,14,11,10,11,12,12,11,13,13,12,10,13,11,11,13,14,13,14,12,10,13,10,13,11,12,10,11,12,12
14,12,11,14,11,11,10,12,11,12,10,13,0,14,14,12,12,11,11,14,14,10,10,14,11,11,14,13,13,13,14,11,11,13,10,13,14,14,14,10,10,12,12,12,11,11,12,14,10,10
13,10,14,12,13,12,13,12,10,13,11,12,12,0,13,12,11,13,14,13,10,12,13,12,11,13,12,12,13,13,14,13,14,12,12,10,13,11,14,10,13,14,12,13,10,13,13,14,14,14
10,12,13,10,10,12,14,13,13,13,10,14,10,14,0,11,14,11,14,10,13,13,14,14,13,10,10,10,10,11,12,10,13,13,13,13,11,10,13,12,10,10,14,13,10,10,14,14,12,12
11,11,14,14,11,11,10,13,10,10,10,11,14,12,11,0,13,12,10,12,11,14,14,13,12,10,12,13,11,13,13,10,11,13,12,10,10,11,14,12,12,12,12,10,12,12,13,10,12,12
12,12,13,11,11,12,12,13,11,13,13,12,14,14,12,10,0,13,13,12,12,11,12,13,13,10,13,11,14,10,14,12,11,11,13,11,10,11,14,12,14,12,11,14,10,13,14,13,13,12
12,13,14,13,10,11,10,14,10,11,12,11,12,13,11,11,11,0,11,10,12,11,13,14,11,12,14,14,13,13,14,10,14,13,11,12,11,12,13,10,12,11,10,10,13,14,13,10,12,12
13,12,13,13,10,11,13,14,13,10,11,11,11,11,11,10,13,12,0,11,10,10,14,13,10,12,11,11,13,10,12,14,14,12,10,14,11,11,11,12,10,14,11,14,12,13,11,14,13,14
12,11,10,13,12,12,13,14,12,10,14,14,10,13,11,11,12,14,11,0,11,14,13,11,10,11,11,13,14,10,11,10,11,12,13,12,10,13,10,14,13,10,12,13,10,13,10,13,13,13
10,11,12,13,12,14,14,14,10,12,10,13,14,13,11,14,12,12,11,11,0,10,12,11,14,12,10,12,14,11,12,10,12,10,11,14,10,13,13,10,14,13,11,13,13,14,14,11,14,12
10,10,13,12,11,13,13,14,12,10,11,12,14,13,13,11,13,13,12,13,10,0,11,14,12,11,12,14,14,13,10,12,13,12,12,10,11,12,14,13,13,11,10,10,13,13,12,14,12,10
12,10,11,14,10,12,14,11,11,10,14,13,13,11,12,12,13,14,11,12,11,13,0,14,14,14,12,14,10,11,13,14,13,11,14,11,14,11,14,12,10,11,10,11,13,14,14,13,14,13
10,10,13,12,10,13,13,11,12,10,13,12,14,10,12,11,10,12,13,10,12,11,13,0,11,11,10,11,12,10,14,14,13,10,11,10,13,10,10,10,10,12,13,13,13,14,12,12,14,14
12,13,11,14,14,10,14,11,11,10,10,12,11,11,12,10,14,12,12,14,13,10,10,12,0,12,12,14,12,14,12,13,12,11,12,13,10,12,13,10,11,11,12,14,14,10,13,10,12,11
12,14,10,10,14,10,11,13,14,12,11,11,11,11,14,11,12,10,13,12,11,13,10,11,11,0,13,10,11,10,11,13,12,11,10,11,12,13,12,11,11,11,12,13,11,14,14,14,11,14
13,13,13,11,14,10,14,13,14,14,11,10,14,13,12,13,14,10,10,14,11,13,14,14,11,11,0,14,14,13,12,11,13,14,11,12,13,10,10,11,10,12,14,14,13,10,11,12,13,10
13,10,14,13,11,13,14,13,14,14,13,11,14,10,12,12,12,10,12,11,13,12,13,13,10,12,12,0,14,11,13,10,13,10,14,14,12,12,14,12,13,12,14,11,10,13,14,12,13,12
10,12,11,14,12,11,11,11,10,13,14,11,10,12,10,14,14,10,10,10,14,10,12,12,14,13,13,10,0,12,14,10,14,13,12,11,10,14,14,12,12,13,10,11,11,13,12,12,12,11
11,13,13,11,13,12,14,10,13,10,14,13,11,13,10,13,14,12,12,10,14,10,10,13,13,12,14,14,11,0,14,11,10,11,13,11,11,11,13,14,10,11,10,10,13,13,14,11,11,10
13,13,14,14,11,12,10,13,10,13,11,12,10,13,13,14,13,12,13,11,14,11,11,12,12,14,13,14,12,14,0,14,10,12,13,13,11,11,10,14,11,10,13,10,10,12,12,10,12,12
14,10,12,13,10,10,11,12,11,12,12,13,11,10,11,13,10,10,12,10,12,12,12,12,11,10,11,11,10,10,10,0,13,11,12,13,14,12,12,12,12,12,13,14,13,11,12,14,12,14
11,11,12,13,11,14,11,12,14,11,14,14,10,11,11,12,13,11,14,12,11,11,13,12,14,13,13,13,13,10,14,11,0,14,12,14,13,12,10,10,12,12,11,13,11,13,13,12,12,12
11,13,10,10,10,12,10,13,14,13,13,10,13,13,13,12,12,10,13,12,13,14,13,11,11,10,10,13,12,14,11,11,11,0,10,12,12,13,11,14,14,13,14,13,11,11,11,13,13,14
13,10,13,14,10,13,11,14,14,13,14,12,12,11,14,12,11,14,12,11,10,14,11,11,13,13,14,11,12,14,14,11,12,13,0,13,14,12,12,11,11,10,12,14,12,14,12,11,13,13
13,10,12,11,11,13,14,13,12,10,11,14,10,12,14,13,13,14,13,12,10,10,14,13,10,10,13,14,13,11,10,12,10,12,13,0,14,11,14,10,14,13,10,10,11,14,12,10,14,10
14,10,12,12,10,13,13,10,14,10,11,10,14,10,10,14,14,13,13,14,14,11,13,14,13,13,14,10,13,13,12,14,13,14,14,11,0,13,14,14,13,10,14,12,13,13,14,13,10,14
11,14,13,12,10,10,12,11,12,13,12,14,12,12,10,13,11,11,10,11,14,11,14,13,14,13,14,14,14,11,14,10,13,10,11,13,14,0,12,12,13,11,14,10,10,12,14,12,12,11
10,11,12,13,14,14,14,10,14,12,12,11,13,12,11,14,12,10,11,10,11,14,14,13,11,14,10,11,13,11,10,10,12,12,14,14,11,11,0,14,10,11,13,14,10,10,12,13,12,14
11,10,13,10,11,10,11,12,14,12,10,14,13,11,13,12,11,13,10,13,11,13,10,11,11,14,12,10,14,13,13,10,12,12,12,10,11,10,11,0,12,12,12,12,13,13,11,13,12,10
12,14,14,13,14,12,12,14,11,14,11,12,11,13,10,13,10,12,11,13,12,10,11,11,12,10,13,11,11,13,14,11,10,14,11,13,14,11,13,14,0,10,10,10,10,14,10,10,14,11
10,13,13,11,13,12,11,13,12,10,13,14,10,13,13,14,10,11,11,11,11,14,13,13,11,13,12,10,10,11,12,10,14,10,11,14,11,14,11,12,10,0,10,12,11,14,10,14,12,11
10,14,13,13,13,14,11,10,10,14,10,10,10,12,10,13,13,14,10,11,13,13,11,14,14,11,11,11,12,13,11,14,14,14,14,12,13,11,10,10,10,14,0,10,14,11,12,14,12,11
13,11,10,14,10,12,12,13,13,13,12,13,14,13,11,13,11,10,11,13,13,14,12,14,14,11,14,13,11,13,12,11,13,10,14,12,11,10,13,11,12,14,14,0,12,13,12,10,11,13
11,10,11,13,14,13,13,14,11,14,14,13,14,11,10,11,11,14,14,13,14,12,11,11,14,10,13,10,14,10,12,10,12,14,10,13,10,12,14,11,10,12,14,10,0,14,13,13,12,14
10,12,12,11,12,14,13,14,10,14,13,14,13,14,10,12,13,10,14,11,12,10,13,10,12,13,11,12,10,11,11,12,11,10,13,13,14,13,10,10,11,14,10,13,10,0,11,12,13,14
12,11,12,13,11,12,10,14,11,14,14,12,11,13,13,12,11,13,12,10,12,12,14,10,14,14,13,10,14,10,11,10,13,13,12,10,13,13,14,13,13,13,12,14,10,12,0,14,10,12
10,14,12,10,12,11,10,11,11,14,12,14,14,14,11,13,13,14,13,10,12,13,12,14,13,11,13,10,10,10,11,14,12,12,13,11,13,10,10,11,12,14,12,14,12,14,13,0,14,10
11,11,13,11,14,10,11,11,13,11,10,12,14,10,11,12,12,11,12,10,10,10,13,13,11,13,12,11,13,11,14,13,14,14,14,13,13,13,13,12,11,14,14,13,14,13,12,13,0,10
11,14,12,11,13,10,11,13,14,14,11,12,10,12,11,12,12,13,14,11,13,14,14,13,10,14,10,10,10,14,13,10,13,11,12,12,11,11,11,14,13,14,13,13,12,14,11,12,12,0
