R=50
Pi=(22,21,24,27,26,24,23,29,21,26,20,22,23,29,26,26,22,26,27,27,29,20,21,23,27,21,27,23,28,28,25,27,26,20,29,28,28,20,25,25,22,29,26,23,24,26,26,24,22,23)
A=
1,2,0
2,3,28
6,7,0
7,8,0
8,9,0
9,10,0
10,11,22
11,12,20
13,15,0
16,17,0
18,19,24
19,20,32
20,21,36
21,22,30
22,23,28
23,24,0
24,25,24
26,27,28
30,32,30
32,34,0
34,36,0
35,37,0
46,48,0
47,49,20
48,50,23
Sij=
0,7,9,5,8,8,5,6,8,6,7,6,5,6,7,7,5,7,5,6,7,7,5,9,8,9,8,5,9,6,8,7,6,8,9,5,5,7,7,6,9,7,7,8,5,5,6,7,8,5
9,0,5,5,9,7,8,6,9,6,8,9,9,7,6,7,5,5,6,6,6,7,8,9,8,6,5,5,6,8,8,7,6,7,8,7,8,7,6,6,6,9,6,5,8,7,9,5,5,6
5,9,0,9,6,7,8,6,5,7,7,7,8,9,5,8,6,8,7,9,9,9,8,8,5,9,6,6,7,6,5,6,9,9,5,8,8,8,5,9,9,5,7,9,8,8,8,9,5,6
7,8,7,0,6,5,6,7,5,8,6,5,7,8,9,6,6,7,8,8,7,5,7,8,7,9,8,7,8,5,6,6,6,5,5,8,6,9,8,8,9,5,7,9,8,9,6,6,8,8
7,6,9,6,0,8,6,9,5,9,6,6,8,9,5,7,9,9,7,8,6,9,7,9,5,9,6,8,8,9,8,7,7,9,5,7,5,7,5,6,8,8,6,9,7,6,5,6,6,7
9,5,9,8,7,0,8,9,7,8,6,7,8,6,6,6,8,9,9,8,8,6,6,8,5,9,7,8,8,6,8,8,9,6,6,5,8,8,9,6,7,8,8,8,8,9,5,7,5,8
8,7,5,7,8,5,0,7,6,9,8,9,9,6,5,5,8,7,6,9,6,7,5,5,7,6,9,7,7,5,5,9,9,8,9,8,6,7,6,8,5,7,7,8,5,7,7,6,8,8
5,7,8,8,8,5,8,0,6,7,6,8,7,9,6,9,9,9,6,6,6,8,5,5,8,8,8,5,6,5,5,8,8,9,8,5,8,5,6,9,9,9,5,9,5,9,7,7,5,9
6,7,6,9,6,5,9,6,0,5,9,5,9,6,6,7,7,5,8,5,6,5,8,7,6,7,7,8,5,9,8,5,5,9,7,8,8,7,8,7,8,5,6,9,7,9,9,8,9,7
8,9,9,7,9,8,7,9,9,0,7,9,7,9,7,6,8,9,9,9,7,9,9,6,5,7,5,9,8,5,7,7,8,8,7,6,9,6,8,5,8,6,8,7,6,8,6,6,9,7
9,9,9,8,6,8,8,8,8,5,0,8,8,8,9,7,9,5,8,6,5,7,6,6,9,5,6,5,7,5,7,6,9,5,6,6,8,8,5,7,9,7,5,8,8,6,9,7,9,5
6,7,7,5,8,5,7,7,5,8,5,0,8,6,7,5,8,9,8,7,8,9,6,5,6,7,7,6,8,8,7,5,8,6,6,8,9,8,9,7,5,8,5,8,6,7,5,6,7,7
9,7,6,9,6,6,5,7,6,7,5,8,0,9,9,7,7,6,6,9,9,5,5,9,6,6,9,8,8,8,9,6,6,8,5,8,9,9,9,5,5,7,7,7,6,6,7,9,5,5
8,5,9,7,8,7,8,7,5,8,6,7,7,0,8,7,6,8,9,8,5,7,8,7,6,8,7,7,8,8,9,8,9,7,7,5,8,6,9,5,8,9,7,8,5,8,8,9,9,9
5,7,8,5,5,7,9,8,8,8,5,9,5,9,0,6,9,6,9,5,8,8,9,9,8,5,5,5,5,6,7,5,8,8,8,8,6,5,8,7,5,5,9,8,5,5,9,9,7,7
6,6,9,9,6,6,5,8,5,5,5,6,9,7,6,0,8,7,5,7,6,9,9,8,7,5,7,8,6,8,8,5,6,8,7,5,5,6,9,7,7,7,7,5,7,7,8,5,7,7
7,7,8,6,6,7,7,8,6,8,8,7,9,9,7,5,0,8,8,7,7,6,7,8,8,5,8,6,9,5,9,7,6,6,8,6,5,6,9,7,9,7,6,9,5,8,9,8,8,7
7,8,9,8,5,6,5,9,5,6,7,6,7,8,6,6,6,0,6,5,7,6,8,9,6,7,9,9,8,8,9,5,9,8,6,7,6,7,8,5,7,6,5,5,8,9,8,5,7,7
8,7,8,8,5,6,8,9,8,5,6,6,6,6,6,5,8,7,0,6,5,5,9,8,5,7,6,6,8,5,7,9,9,7,5,9,6,6,6,7,5,9,6,9,7,8,6,9,8,9
7,6,5,8,7,7,8,9,7,5,9,9,5,8,6,6,7,9,6,0,6,9,8,6,5,6,6,8,9,5,6,5,6,7,8,7,5,8,5,9,8,5,7,8,5,8,5,8,8,8
5,6,7,8,7,9,9,9,5,7,5,8,9,8,6,9,7,7,6,6,0,5,7,6,9,7,5,7,9,6,7,5,7,5,6,9,5,8,8,5,9,8,6,8,8,9,9,6,9,7
5,5,8,7,6,8,8,9,7,5,6,7,9,8,8,6,8,8,7,8,5,0,6,9,7,6,7,9,9,8,5,7,8,7,7,5,6,7,9,8,8,6,5,5,8,8,7,9,7,5
7,5,6,9,5,7,9,6,6,5,9,8,8,6,7,7,8,9,6,7,6,8,0,9,9,9,7,9,5,6,8,9,8,6,9,6,9,6,9,7,5,6,5,6,8,9,9,8,9,8
5,5,8,7,5,8,8,6,7,5,8,7,9,5,7,6,5,7,8,5,7,6,8,0,6,6,5,6,7,5,9,9,8,5,6,5,8,5,5,5,5,7,8,8,8,9,7,7,9,9
7,8,6,9,9,5,9,6,6,5,5,7,6,6,7,5,9,7,7,9,8,5,5,7,0,7,7,9,7,9,7,8,7,6,7,8,5,7,8,5,6,6,7,9,9,5,8,5,7,6
7,9,5,5,9,5,6,8,9,7,6,6,6,6,9,6,7,5,8,7,6,8,5,6,6,0,8,5,6,5,6,8,7,6,5,6,7,8,7,6,6,6,7,8,6,9,9,9,6,9
8,8,8,6,9,5,9,8,9,9,6,5,9,8,7,8,9,5,5,9,6,8,9,9,6,6,0,9,9,8,7,6,8,9,6,7,8,5,5,6,5,7,9,9,8,5,6,7,8,5
8,5,9,8,6,8,9,8,9,9,8,6,9,5,7,7,7,5,7,6,8,7,8,8,5,7,7,0,9,6,8,5,8,5,9,9,7,7,9,7,8,7,9,6,5,8,9,7,8,7
5,7,6,9,7,6,6,6,5,8,9,6,5,7,5,9,9,5,5,5,9,5,7,7,9,8,8,5,0,7,9,5,9,8,7,6,5,9,9,7,7,8,5,6,6,8,7,7,7,6
6,8,8,6,8,7,9,5,8,5,9,8,6,8,5,8,9,7,7,5,9,5,5,8,8,7,9,9,6,0,9,6,5,6,8,6,6,6,8,9,5,6,5,5,8,8,9,6,6,5
8,8,9,9,6,7,5,8,5,8,6,7,5,8,8,9,8,7,8,6,9,6,6,7,7,9,8,9,7,9,0,9,5,7,8,8,6,6,5,9,6,5,8,5,5,7,7,5,7,7
9,5,7,8,5,5,6,7,6,7,7,8,6,5,6,8,5,5,7,5,7,7,7,7,6,5,6,6,5,5,5,0,8,6,7,8,9,7,7,7,7,7,8,9,8,6,7,9,7,9
6,6,7,8,6,9,6,7,9,6,9,9,5,6,6,7,8,6,9,7,6,6,8,7,9,8,8,8,8,5,9,6,0,9,7,9,8,7,5,5,7,7,6,8,6,8,8,7,7,7
6,8,5,5,5,7,5,8,9,8,8,5,8,8,8,7,7,5,8,7,8,9,8,6,6,5,5,8,7,9,6,6,6,0,5,7,7,8,6,9,9,8,9,8,6,6,6,8,8,9
8,5,8,9,5,8,6,9,9,8,9,7,7,6,9,7,6,9,7,6,5,9,6,6,8,8,9,6,7,9,9,6,7,8,0,8,9,7,7,6,6,5,7,9,7,9,7,6,8,8
8,5,7,6,6,8,9,8,7,5,6,9,5,7,9,8,8,9,8,7,5,5,9,8,5,5,8,9,8,6,5,7,5,7,8,0,9,6,9,5,9,8,5,5,6,9,7,5,9,5
9,5,7,7,5,8,8,5,9,5,6,5,9,5,5,9,9,8,8,9,9,6,8,9,8,8,9,5,8,8,7,9,8,9,9,6,0,8,9,9,8,5,9,7,8,8,9,8,5,9
6,9,8,7,5,5,7,6,7,8,7,9,7,7,5,8,6,6,5,6,9,6,9,8,9,8,9,9,9,6,9,5,8,5,6,8,9,0,7,7,8,6,9,5,5,7,9,7,7,6
5,6,7,8,9,9,9,5,9,7,7,6,8,7,6,9,7,5,6,5,6,9,9,8,6,9,5,6,8,6,5,5,7,7,9,9,6,6,0,9,5,6,8,9,5,5,7,8,7,9
6,5,8,5,6,5,6,7,9,7,5,9,8,6,8,7,6,8,5,8,6,8,5,6,6,9,7,5,9,8,8,5,7,7,7,5,6,5,6,0,7,7,7,7,8,8,6,8,7,5
7,9,9,8,9,7,7,9,6,9,6,7,6,8,5,8,5,7,6,8,7,5,6,6,7,5,8,6,6,8,9,6,5,9,6,8,9,6,8,9,0,5,5,5,5,9,5,5,9,6
5,8,8,6,8,7,6,8,7,5,8,9,5,8,8,9,5,6,6,6,6,9,8,8,6,8,7,5,5,6,7,5,9,5,6,9,6,9,6,7,5,0,5,7,6,9,5,9,7,6
5,9,8,8,8,9,6,5,5,9,5,5,5,7,5,8,8,9,5,6,8,8,6,9,9,6,6,6,7,8,6,9,9,9,9,7,8,6,5,5,5,9,0,5,9,6,7,9,7,6
8,6,5,9,5,7,7,8,8,8,7,8,9,8,6,8,6,5,6,8,8,9,7,9,9,6,9,8,6,8,7,6,8,5,9,7,6,5,8,6,7,9,9,0,7,8,7,5,6,8
6,5,6,8,9,8,8,9,6,9,9,8,9,6,5,6,6,9,9,8,9,7,6,6,9,5,8,5,9,5,7,5,7,9,5,8,5,7,9,6,5,7,9,5,0,9,8,8,7,9
5,7,7,6,7,9,8,9,5,9,8,9,8,9,5,7,8,5,9,6,7,5,8,5,7,8,6,7,5,6,6,7,6,5,8,8,9,8,5,5,6,9,5,8,5,0,6,7,8,9
7,6,7,8,6,7,5,9,6,9,9,7,6,8,8,7,6,8,7,5,7,7,9,5,9,9,8,5,9,5,6,5,8,8,7,5,8,8,9,8,8,8,7,9,5,7,0,9,5,7
5,9,7,5,7,6,5,6,6,9,7,9,9,9,6,8,8,9,8,5,7,8,7,9,8,6,8,5,5,5,6,9,7,7,8,6,8,5,5,6,7,9,7,9,7,9,8,0,9,5
6,6,8,6,9,5,6,6,8,6,5,7,9,5,6,7,7,6,7,5,5,5,8,8,6,8,7,6,8,6,9,8,9,9,9,8,8,8,8,7,6,9,9,8,9,8,7,8,0,5
6,9,7,6,8,5,6,8,9,9,6,7,5,7,6,7,7,8,9,6,8,9,9,8,5,9,5,5,5,9,8,5,8,6,7,7,6,6,6,9,8,9,8,8,7,9,6,7,7,0
