R=75
Pi=(22,21,24,27,26,24,23,29,21,26,20,22,23,29,26,26,22,26,27,27,29,20,21,23,27,21,27,23,28,28,25,27,26,20,29,28,28,20,25,25,22,29,26,23,24,26,26,24,22,23,25,21,23,26,23,21,29,20,29,24,26,20,21,22,20,23,25,23,29,28,27,22,21,21,24)
A=
1,2,27
4,5,33
5,6,33
7,8,31
8,9,36
10,11,0
11,12,0
13,14,0
14,15,0
15,16,0
16,17,25
19,20,20
20,21,22
21,22,0
23,27,0
27,29,35
30,31,39
31,32,0
32,33,0
33,34,0
34,35,0
35,36,25
36,37,0
38,40,33
45,47,0
48,50,23
52,54,33
55,57,0
57,59,22
58,60,25
61,63,0
64,66,0
65,67,32
67,69,0
70,72,39
72,74,0
73,75,25
Sij=
0,9,8,9,9,6,5,5,8,7,6,9,6,7,5,5,7,6,9,7,7,5,5,9,9,8,9,8,6,7,6,8,5,7,7,8,5,7,7,6,8,8,5,7,8,8,8,5,8,6,7,6,8,7,9,6,9,9,9,6,6,6,8,5,5,8,8,8,5,6,5,5,8,8,9
8,0,5,8,5,6,9,9,9,5,9,5,9,7,7,5,9,6,7,6,9,6,5,9,6,5,9,5,9,6,6,7,7,5,8,5,6,5,8,7,6,7,7,8,5,9,8,5,5,9,7,8,8,7,8,7,8,5,6,9,7,9,9,8,9,7,8,9,9,7,9,8,7,9,9
7,9,0,7,9,7,6,8,9,9,9,7,9,9,6,5,7,5,9,8,5,7,7,8,8,7,6,9,6,8,5,8,6,8,7,6,8,6,6,9,7,9,9,9,8,6,8,8,8,8,5,8,8,8,9,7,9,5,8,6,5,7,6,6,9,5,6,5,7,5,7,6,9,5,6
6,8,8,0,5,7,9,7,5,8,8,6,9,7,9,5,6,7,7,5,8,5,7,7,5,8,5,8,6,7,5,8,9,8,7,8,9,6,5,6,7,7,6,8,8,7,5,8,6,6,8,9,8,9,7,5,8,5,8,6,7,5,6,7,7,9,7,6,9,6,6,5,7,6,7
5,8,9,9,0,7,7,6,6,9,9,5,5,9,6,6,9,8,8,8,9,6,6,8,5,8,9,9,9,5,5,7,7,7,6,6,7,9,5,5,8,5,9,7,8,7,8,7,5,8,6,7,7,8,7,6,8,9,8,5,7,8,7,6,8,7,7,8,8,9,8,9,7,7,5
8,6,9,5,8,0,9,7,8,5,8,8,9,9,9,5,7,8,5,5,7,9,8,8,8,5,9,5,9,6,9,6,9,5,8,8,9,9,8,5,5,5,5,6,7,5,8,8,8,8,6,5,8,7,5,5,9,8,5,5,9,9,7,7,6,6,9,9,6,6,5,8,5,5,5
6,9,7,6,8,7,0,5,7,6,9,9,8,7,5,7,8,6,8,8,5,6,8,7,5,5,6,9,7,7,7,7,5,7,7,8,5,7,7,7,7,8,6,6,7,7,8,6,8,8,7,9,9,7,5,8,8,7,7,6,7,8,8,5,8,6,9,5,9,7,6,6,8,6,5
6,9,7,9,7,6,9,0,5,8,9,8,8,7,7,8,9,8,5,6,5,9,5,6,7,6,7,8,6,6,6,6,5,7,6,8,9,6,7,9,9,8,8,9,5,9,8,6,7,6,7,8,5,7,6,5,5,8,9,8,5,7,7,8,7,8,8,5,6,8,9,8,5,6,6
6,6,6,5,8,7,6,5,0,5,9,8,5,7,6,6,8,5,7,9,9,7,5,9,6,6,6,7,5,9,6,9,7,8,6,9,8,9,7,6,5,8,7,7,8,9,7,5,9,9,5,8,6,6,7,9,6,6,9,8,6,5,6,6,8,9,5,6,5,6,7,8,7,5,8
5,9,8,5,7,8,5,8,5,0,8,8,8,5,6,7,8,7,9,9,9,5,7,5,8,9,8,6,9,7,7,6,6,5,7,6,9,7,5,7,9,6,7,5,7,5,6,9,5,8,8,5,9,8,6,8,8,9,9,6,9,7,5,5,8,7,6,8,8,9,7,5,6,7,9
8,8,6,8,8,7,8,5,6,9,0,7,6,7,9,9,8,5,7,8,7,7,5,6,7,9,8,8,6,5,5,8,8,7,9,7,5,7,5,6,9,5,7,9,6,6,5,9,8,8,6,7,7,8,9,6,7,6,8,9,9,9,7,9,5,6,8,9,8,6,9,6,9,6,9
7,5,6,5,6,8,9,9,8,9,8,0,5,5,8,7,5,8,8,6,7,5,8,7,9,5,7,6,5,7,8,5,7,6,8,6,6,5,6,7,5,9,9,8,5,6,5,8,5,5,5,5,7,8,8,8,9,7,7,9,9,7,8,6,9,9,5,9,6,6,5,5,7,6,6
7,5,9,7,7,9,8,5,5,7,7,7,0,9,7,9,7,8,7,6,7,8,5,7,8,5,6,6,7,9,9,5,8,5,7,6,7,9,5,5,9,5,6,8,9,7,6,6,6,6,9,6,7,5,8,7,6,8,5,6,6,8,5,6,5,6,8,7,6,5,6,7,8,7,6
6,6,7,8,6,9,9,9,6,9,8,8,8,0,6,9,5,9,8,9,9,6,5,9,8,7,8,9,5,5,9,6,8,9,9,6,6,9,9,8,7,6,8,9,6,7,8,5,5,6,5,7,9,9,8,5,6,7,8,5,8,5,9,8,6,8,9,8,9,9,8,6,9,5,7
7,7,5,7,6,8,7,8,8,5,7,7,9,6,0,8,5,8,5,9,9,7,7,9,7,8,7,9,6,5,8,9,7,8,7,5,7,6,9,7,6,6,6,5,8,9,6,5,7,5,9,9,5,5,5,9,5,7,7,9,8,8,5,7,9,5,9,8,7,6,5,9,9,7,7
8,5,6,6,8,7,7,7,6,6,8,8,6,8,7,0,9,5,8,5,9,8,6,8,5,8,9,7,7,5,9,5,5,8,8,7,9,9,6,9,6,5,6,8,6,6,6,8,9,5,6,5,5,8,8,9,6,6,5,8,8,9,9,6,7,5,8,5,8,6,7,5,8,8,9
8,7,8,6,9,6,6,7,7,9,8,9,7,9,9,5,0,7,8,8,6,6,5,9,6,5,8,5,5,7,7,5,7,7,9,5,7,8,5,5,6,7,6,7,7,8,6,5,6,8,5,5,7,5,7,7,7,7,6,5,6,6,5,5,5,8,6,7,8,9,7,7,7,7,7
8,9,8,6,7,9,7,9,6,6,7,8,6,9,6,7,9,0,6,9,9,5,6,6,7,8,6,9,7,6,6,8,7,9,8,8,8,8,5,9,6,9,7,9,8,7,5,5,7,7,6,8,6,8,8,7,7,7,6,8,5,5,5,7,5,8,9,8,8,5,8,8,8,7,7
5,8,7,8,9,8,6,6,5,5,8,7,9,6,6,6,5,7,0,7,8,6,9,9,8,9,8,6,6,6,8,8,9,8,5,8,9,5,8,6,9,9,8,9,7,7,6,9,7,6,9,7,6,5,9,6,6,8,8,9,6,7,9,9,6,7,8,8,9,7,7,6,6,5,7
9,7,9,7,6,8,8,8,5,7,6,6,8,9,8,7,5,6,9,0,5,7,9,8,8,9,8,7,5,5,9,8,5,5,8,9,8,6,5,7,5,7,8,9,6,9,5,9,8,5,5,6,9,7,5,9,5,9,5,7,7,5,8,8,5,9,5,6,5,9,5,5,9,9,8
8,9,9,6,8,9,8,8,9,5,8,8,7,9,8,9,9,6,8,9,0,9,8,5,9,7,8,8,9,8,5,9,6,9,8,7,5,5,7,6,7,8,7,9,7,7,5,8,6,6,5,6,9,6,9,8,9,8,9,9,9,6,9,5,8,5,6,8,9,7,7,8,6,9,5
5,7,9,7,7,6,5,6,7,8,9,9,9,5,9,7,7,6,8,7,6,0,9,7,5,6,5,6,9,9,8,6,9,5,6,8,6,5,5,7,7,9,9,6,6,9,5,6,8,9,5,5,7,8,7,9,6,5,8,5,6,5,6,7,9,7,5,9,8,6,8,7,6,8,5
8,6,8,5,6,6,9,7,5,9,8,8,5,7,7,7,5,6,5,6,7,7,0,7,7,8,8,6,8,7,5,7,9,9,8,9,7,7,9,6,9,6,7,6,8,5,8,5,7,6,8,7,5,6,6,7,5,8,6,6,8,9,6,5,9,6,8,9,6,8,9,5,5,5,5
9,5,5,9,6,5,8,8,6,8,7,6,8,7,5,8,9,5,8,8,9,5,6,0,6,6,6,9,8,8,6,8,7,5,5,6,7,5,9,5,6,9,6,9,6,7,5,5,7,6,9,5,9,7,6,5,9,8,8,8,9,6,5,5,9,5,5,5,7,5,8,8,9,5,6
8,8,6,9,9,6,6,6,7,8,6,9,9,9,9,7,8,6,5,5,5,9,5,9,0,6,7,9,7,6,8,6,5,9,5,7,7,8,8,8,7,8,9,8,6,8,6,5,6,8,8,9,7,9,9,6,9,8,6,8,7,6,8,5,9,7,6,5,8,6,7,9,9,7,8
7,5,6,8,6,5,6,8,9,8,8,9,6,9,9,8,9,6,5,6,6,9,9,8,9,0,7,6,6,9,5,8,5,9,5,7,5,7,9,5,8,5,7,9,6,5,7,9,5,9,8,8,7,9,5,7,7,6,7,9,8,9,5,9,8,9,8,9,5,7,8,5,9,6,7
5,8,5,7,8,6,7,5,6,6,7,6,5,8,8,9,8,5,5,6,9,5,8,5,6,7,0,8,9,7,6,7,8,6,7,5,9,6,9,9,7,6,8,8,7,6,8,7,5,7,7,9,5,9,9,8,5,9,5,6,5,8,8,7,5,8,8,9,8,8,8,7,9,5,7
9,5,7,5,9,7,5,7,6,5,6,6,9,7,9,9,9,6,8,8,9,8,5,7,8,7,9,0,8,6,8,5,5,5,6,9,7,7,8,6,8,5,5,6,7,9,7,9,7,9,8,9,5,6,6,8,6,9,5,6,6,8,6,5,7,9,5,6,7,7,6,7,5,5,5
8,8,6,8,7,6,8,6,9,8,9,9,9,8,8,8,8,7,6,9,9,8,9,8,7,8,5,6,0,9,7,6,8,5,6,8,9,9,6,7,5,7,6,7,7,8,9,6,8,9,9,8,5,9,5,5,5,9,8,5,8,6,7,7,6,6,6,9,8,9,8,8,7,9,6
7,7,5,6,5,8,7,6,7,9,9,6,9,9,5,8,5,6,5,8,8,5,9,6,6,7,5,8,8,0,5,5,6,5,7,8,8,9,7,7,7,6,9,9,7,7,5,6,5,7,6,8,7,6,5,7,7,8,9,5,7,7,8,8,6,8,7,5,6,6,7,9,7,8,8
7,9,5,7,8,5,5,5,5,7,7,8,5,5,5,6,5,9,6,5,9,7,6,7,8,9,9,5,9,5,0,7,5,8,8,8,7,6,5,5,9,7,7,7,5,9,5,7,5,6,9,7,9,6,8,8,9,8,8,8,9,5,5,5,5,5,6,9,7,6,7,9,9,8,7
7,7,5,5,7,8,6,9,8,9,8,7,9,5,9,9,9,8,7,6,8,6,6,7,5,8,5,5,8,9,9,0,7,5,8,5,6,9,8,5,5,7,6,6,6,6,7,7,8,7,7,7,6,7,7,8,5,5,7,5,9,7,5,6,9,9,5,6,5,5,7,5,6,7,6
8,7,9,5,5,7,6,6,8,6,6,8,5,7,5,9,6,6,7,5,8,7,5,7,6,6,6,6,8,9,7,6,0,8,5,9,6,5,5,7,8,8,5,7,9,7,6,5,8,5,5,6,8,8,7,7,6,7,7,8,9,6,5,7,8,8,5,9,9,8,8,8,6,9,9
7,7,9,5,5,5,6,7,5,8,7,8,7,6,7,8,9,8,6,8,6,8,7,9,6,7,6,5,5,6,6,5,9,0,9,9,5,6,6,6,8,7,9,9,9,5,5,7,7,7,9,9,9,9,5,7,9,9,9,9,7,8,6,6,8,6,6,8,8,7,7,6,7,6,8
5,7,8,8,8,5,5,8,8,6,7,6,6,8,6,9,5,7,7,9,9,6,7,5,7,8,6,8,5,9,7,7,8,6,0,5,9,6,6,5,8,7,9,7,5,6,9,5,5,6,7,7,9,9,7,8,8,5,7,5,9,9,6,8,8,8,5,8,9,8,7,8,8,6,9
6,9,8,7,9,7,8,6,6,7,7,7,7,5,8,7,9,8,5,5,8,6,6,9,6,6,6,6,7,9,9,8,8,5,5,0,8,9,7,8,7,6,8,9,5,6,5,7,7,6,5,7,9,8,5,5,5,8,9,5,8,6,7,9,7,7,9,9,6,9,5,7,6,5,8
9,5,6,6,8,6,8,8,5,6,7,5,5,8,9,5,5,9,7,5,5,9,9,7,7,6,6,6,8,5,7,5,9,9,5,5,0,9,7,6,9,9,8,6,7,5,7,9,5,6,9,5,8,9,9,7,9,6,9,8,6,9,7,5,9,8,6,5,5,7,9,5,7,8,7
5,7,7,6,7,9,7,5,9,8,5,9,6,5,6,6,9,5,8,5,9,7,8,7,9,8,7,8,8,7,8,7,5,6,9,5,6,0,5,6,8,8,8,7,6,8,9,9,5,8,6,5,5,9,7,7,8,9,9,6,8,7,8,7,6,9,8,9,9,5,6,9,9,8,5
6,6,9,6,9,9,9,7,5,6,7,8,8,7,8,6,5,7,8,8,6,5,6,5,7,9,5,9,9,6,6,5,7,8,6,6,8,7,0,5,7,9,5,7,5,9,6,5,6,6,9,6,7,6,5,8,5,9,9,9,5,9,9,7,8,9,6,6,9,6,6,7,8,6,5
8,6,7,5,6,5,9,8,8,9,5,9,9,7,5,5,7,8,8,5,7,5,7,8,6,8,5,5,5,9,6,8,5,5,6,7,8,9,8,0,8,5,6,5,8,8,5,6,9,9,6,9,9,9,6,8,8,8,8,9,7,5,8,8,9,7,6,9,9,5,7,6,7,5,9
9,6,5,9,5,5,6,5,6,9,9,7,8,8,6,8,9,9,5,5,7,7,7,5,5,6,5,7,8,6,9,7,8,5,7,6,8,9,8,8,0,6,9,6,9,5,9,8,5,7,7,8,7,6,5,7,6,8,9,8,8,9,9,7,9,9,6,9,8,5,9,5,9,6,7
8,7,6,8,5,5,8,5,9,6,8,7,5,7,7,6,8,8,5,9,8,7,7,6,9,8,5,5,5,7,7,8,5,9,6,9,5,5,8,8,9,0,9,9,6,5,7,5,6,5,9,6,6,9,6,8,6,5,9,9,6,5,8,5,7,9,5,6,6,5,8,5,8,9,6
9,8,8,6,6,6,7,8,9,5,5,5,8,8,5,5,9,6,5,7,8,6,9,6,6,5,6,9,6,7,8,8,6,7,6,5,7,8,8,8,8,6,0,8,9,6,8,7,7,5,9,8,9,7,7,8,8,8,6,9,5,9,7,7,7,7,7,9,5,7,5,7,5,8,7
8,6,7,5,5,8,8,8,9,6,8,8,5,8,9,8,6,6,9,7,8,5,9,5,7,8,9,6,5,5,6,8,6,5,9,7,5,8,6,6,7,6,8,0,6,9,8,7,5,6,8,8,6,6,5,9,7,6,7,8,6,8,6,8,8,9,5,6,5,9,6,7,8,5,7
9,6,7,8,6,8,6,8,9,6,6,5,6,6,6,7,5,8,9,9,7,5,7,5,6,9,6,6,6,9,6,5,6,8,5,7,5,8,5,5,5,9,6,7,0,6,9,8,5,9,7,5,9,8,5,5,9,8,6,6,7,6,9,7,5,5,6,8,7,5,8,6,7,7,9
8,7,8,5,8,7,5,5,7,9,9,6,6,5,8,6,8,8,6,8,8,5,7,6,6,9,5,5,5,5,5,7,6,8,6,7,5,8,8,9,6,5,6,8,5,0,8,5,7,9,9,5,8,6,9,6,8,5,6,9,8,7,5,5,7,9,6,9,7,8,5,5,5,9,7
7,7,8,8,6,7,9,7,6,6,5,6,6,7,7,8,7,8,9,5,6,6,5,9,9,9,9,7,8,9,8,5,9,9,6,9,9,6,5,6,8,9,8,9,6,7,0,5,6,5,5,8,6,6,9,5,6,7,9,9,6,8,6,8,6,7,5,7,6,5,8,9,5,7,7
6,7,7,5,8,6,8,7,7,8,6,6,8,5,8,5,6,9,7,9,8,7,5,7,7,6,5,8,5,7,5,7,9,8,7,8,9,6,6,7,7,5,9,5,5,5,6,0,7,8,5,6,9,7,8,9,9,6,9,8,6,6,5,7,5,8,8,7,5,7,5,6,9,8,5
6,7,7,5,6,6,5,8,5,5,5,5,5,5,8,8,6,9,8,9,6,7,7,8,6,7,8,5,9,7,9,6,5,7,7,6,6,6,8,7,5,7,5,6,9,8,8,7,0,6,8,8,6,6,9,9,9,9,8,8,8,7,9,8,7,6,9,9,7,7,7,6,5,5,6
8,8,7,6,9,8,9,5,9,6,8,7,5,6,8,8,6,7,7,5,9,6,9,7,5,5,8,5,9,8,6,8,6,9,5,6,6,8,9,5,9,7,5,7,9,8,9,7,9,0,9,5,9,7,5,7,7,9,9,5,9,9,8,6,5,9,9,6,5,6,7,6,7,8,7
5,6,6,6,7,7,6,5,6,5,8,7,6,5,7,7,6,7,8,5,5,5,5,9,8,9,7,9,6,7,8,8,6,5,9,5,6,7,7,7,8,8,7,6,7,6,8,5,7,8,0,5,9,8,7,6,5,5,6,7,8,9,6,9,8,7,5,6,5,5,7,6,9,5,5
7,6,7,9,7,7,5,7,6,7,7,8,9,8,8,9,9,9,9,8,8,6,9,9,9,7,9,7,9,5,6,5,9,8,9,9,7,6,9,5,7,7,5,6,6,8,6,8,7,6,7,0,7,9,6,7,6,7,8,5,5,7,8,7,6,5,6,9,6,8,8,6,8,5,8
5,5,6,7,7,5,5,6,5,7,7,9,6,7,5,8,6,9,5,8,7,9,5,8,5,5,8,5,9,8,9,9,6,5,5,7,5,5,5,9,9,6,7,9,8,6,5,6,5,9,6,7,0,8,6,6,6,5,7,6,7,7,5,6,7,8,8,8,5,7,7,8,6,8,5
9,6,7,5,5,9,5,6,9,9,6,6,6,5,9,9,7,8,8,7,7,8,9,5,6,5,7,9,9,8,6,5,9,7,6,9,9,9,7,7,7,5,6,7,5,6,6,8,5,7,9,5,7,0,5,7,6,6,6,9,9,6,5,7,5,7,6,7,8,8,5,5,8,6,6
9,7,6,7,9,9,8,9,8,6,8,6,7,8,5,5,7,7,5,7,5,7,8,6,9,9,9,8,9,5,7,6,8,6,5,5,9,9,7,9,6,6,6,5,6,6,8,8,8,7,7,8,7,8,0,6,7,9,5,8,9,5,5,5,7,9,7,7,5,8,9,6,8,9,5
5,8,5,7,9,8,5,5,9,7,8,9,8,5,5,8,5,9,6,7,8,6,6,9,5,9,8,8,5,8,6,8,8,6,7,7,7,6,5,9,9,9,5,8,9,5,8,7,5,9,9,6,7,7,6,0,9,6,6,6,5,9,7,5,6,5,9,5,7,7,7,6,9,8,6
8,9,5,8,9,5,6,5,7,5,9,9,6,6,9,8,5,5,9,5,5,6,9,8,7,9,9,6,5,8,8,9,7,6,9,7,8,8,6,6,8,8,5,9,6,5,8,9,7,9,6,5,9,8,5,6,0,9,6,6,5,6,5,5,8,7,9,7,9,6,6,9,7,9,8
6,6,6,9,6,6,5,5,8,6,6,8,5,9,5,7,8,7,7,6,5,8,8,6,7,7,8,9,7,5,9,9,5,5,7,9,9,9,9,9,9,6,6,9,7,8,9,7,8,8,8,7,5,8,8,7,8,0,5,7,9,7,6,7,8,6,7,7,9,6,6,8,8,7,7
6,9,7,8,8,8,7,5,5,8,6,7,9,7,7,9,5,9,7,5,7,8,8,7,7,5,6,5,6,7,5,5,5,8,7,9,5,9,6,8,7,6,6,8,7,9,7,5,6,7,5,8,6,6,9,8,5,9,0,6,8,7,7,9,7,8,6,7,6,5,7,8,6,8,8
8,6,7,5,5,8,7,5,8,8,6,7,9,8,8,8,9,6,8,7,6,5,6,8,5,5,6,6,9,8,8,8,9,7,8,8,5,9,8,7,6,6,8,6,5,5,6,8,7,6,8,7,8,6,7,8,9,8,5,0,9,6,5,6,5,5,7,7,6,9,5,7,9,7,5
5,9,7,5,7,9,9,7,8,8,5,6,5,8,9,5,8,7,9,8,5,5,5,8,6,7,7,5,9,7,8,8,9,7,5,7,6,9,6,5,5,8,6,7,9,8,7,8,6,9,6,5,5,9,5,5,9,8,9,9,0,6,8,8,6,5,6,6,8,8,7,9,9,5,9
7,6,8,7,8,7,5,8,8,5,5,7,8,5,7,9,8,7,9,6,8,6,5,5,7,8,7,8,5,9,9,7,9,6,6,8,6,6,5,7,8,8,5,8,5,7,7,5,5,8,8,7,9,9,5,5,6,8,5,5,9,0,6,8,8,5,8,7,7,9,9,8,7,6,7
7,5,6,6,9,9,5,7,8,6,6,7,8,5,5,5,6,8,5,5,7,7,9,7,8,7,9,5,5,6,5,5,5,6,6,5,9,5,8,5,9,7,8,6,6,8,5,7,7,9,7,5,6,6,5,5,5,8,8,6,5,5,0,6,6,6,5,6,6,9,5,5,6,9,5
5,9,8,7,5,9,7,7,7,6,9,9,9,9,6,5,9,6,7,6,5,9,6,7,5,6,7,8,8,6,8,6,5,5,5,5,7,7,8,8,9,7,7,9,7,6,6,6,5,8,5,9,9,7,5,5,8,6,7,9,7,9,9,0,5,8,8,8,8,8,5,8,6,7,8
7,7,7,7,9,8,5,5,7,9,6,9,6,8,5,5,6,5,5,9,5,5,8,6,6,8,7,7,7,9,9,9,6,5,5,8,8,6,6,8,8,6,6,9,9,9,6,5,8,8,9,8,6,8,8,7,8,5,5,5,6,7,8,8,0,5,6,7,6,8,7,6,5,8,6
5,8,8,9,6,7,7,6,9,8,5,6,7,7,7,7,9,7,5,5,7,5,8,7,9,8,6,5,7,5,7,8,9,5,8,9,8,8,8,8,8,9,8,9,8,8,8,9,8,5,7,9,9,7,8,9,9,6,5,8,5,6,9,8,6,0,6,6,7,9,7,9,5,8,7
7,7,7,8,9,5,9,6,6,7,7,8,9,6,6,9,9,7,8,5,8,6,5,5,8,6,6,5,5,5,5,7,5,7,5,5,7,6,6,5,9,8,9,7,5,8,7,5,6,9,8,7,7,8,9,5,7,6,5,7,8,8,6,6,6,5,0,7,6,6,5,6,8,5,8
5,9,6,7,9,5,9,6,9,5,7,8,9,7,8,9,7,5,6,8,7,5,7,8,5,9,5,5,9,6,8,9,6,9,7,9,8,5,6,9,8,6,9,5,8,7,6,5,8,6,7,6,7,7,5,5,6,8,6,5,5,9,7,7,7,8,7,0,5,9,8,6,7,8,6
5,5,6,7,5,7,8,9,6,7,9,7,7,9,8,7,8,5,8,6,9,8,8,6,8,5,5,5,5,5,5,9,7,6,7,5,8,9,7,9,6,5,7,9,8,5,5,8,7,7,5,5,9,7,7,6,6,9,8,5,7,8,8,6,7,9,5,6,0,6,7,8,8,8,9
9,8,5,8,8,8,9,7,8,8,5,5,9,9,8,6,8,9,5,7,6,8,6,6,7,8,5,9,6,9,8,6,7,5,7,8,5,8,5,5,5,9,5,5,6,7,5,5,7,5,9,9,8,5,7,6,6,9,6,5,8,9,6,8,9,8,7,8,7,0,5,6,5,8,9
7,7,8,6,5,9,8,9,7,5,9,9,8,6,8,5,6,5,6,5,7,5,8,6,5,7,9,6,7,6,9,9,5,8,8,5,7,5,8,6,7,8,7,5,9,5,5,5,5,7,9,5,8,8,7,6,8,7,6,7,9,6,7,5,6,5,8,5,8,8,0,7,5,6,9
8,9,8,8,7,9,7,8,6,5,7,9,5,7,5,6,6,5,9,6,6,5,5,6,9,8,6,5,7,7,9,8,8,9,9,7,8,5,5,6,5,6,5,7,8,6,9,6,9,6,6,7,6,5,7,7,8,6,8,8,8,6,6,8,5,9,5,6,7,7,8,0,6,5,7
5,5,9,8,8,7,9,5,6,5,6,6,6,7,6,7,8,7,6,6,8,9,9,6,6,8,5,8,8,6,7,9,6,8,5,6,8,5,7,6,8,7,5,5,7,8,7,8,9,5,8,6,5,8,9,6,6,8,6,5,6,6,6,9,7,6,5,7,7,5,9,8,0,9,9
7,5,8,9,9,7,5,7,8,8,7,6,9,7,8,8,5,9,9,7,9,7,6,5,7,6,8,5,5,9,6,5,6,5,5,9,7,7,9,8,9,9,7,7,7,6,7,7,8,8,9,9,8,7,5,5,8,7,6,7,8,5,6,8,7,6,9,8,7,9,6,8,5,0,5
7,5,9,8,8,6,8,6,6,7,5,7,7,9,5,5,6,5,5,6,5,8,7,9,5,5,7,9,5,9,7,5,8,8,5,9,5,9,8,5,8,7,9,9,8,9,9,9,7,6,8,6,7,9,5,9,7,5,8,8,8,9,6,6,5,9,9,9,9,5,9,6,6,5,0
