R=75
Pi=(12,11,14,17,16,14,13,19,11,16,10,12,13,19,16,16,12,16,17,17,19,10,11,13,17,11,17,13,18,18,15,17,16,10,19,18,18,10,15,15,12,19,16,13,14,16,16,14,12,13,15,11,13,16,13,11,19,10,19,14,16,10,11,12,10,13,15,13,19,18,17,12,11,11,14)
A=
1,2,47
4,5,53
5,6,53
7,8,51
8,9,56
10,11,0
11,12,0
13,14,0
14,15,0
15,16,0
16,17,45
19,20,40
20,21,42
21,22,0
23,27,0
27,29,55
30,31,59
31,32,0
32,33,0
33,34,0
34,35,0
35,36,45
36,37,0
38,40,53
45,47,0
48,50,43
52,54,53
55,57,0
57,59,42
58,60,45
61,63,0
64,66,0
65,67,52
67,69,0
70,72,59
72,74,0
73,75,45
Sij=
0,9,8,9,9,6,5,5,8,7,6,9,6,7,5,5,7,6,9,7,7,5,5,9,9,8,9,8,6,7,6,8,5,7,7,8,5,7,7,6,8,8,5,7,8,8,8,5,8,6,7,6,8,7,9,6,9,9,9,6,6,6,8,5,5,8,8,8,5,6,5,5,8,8,9
8,0,5,8,5,6,9,9,9,5,9,5,9,7,7,5,9,6,7,6,9,6,5,9,6,5,9,5,9,6,6,7,7,5,8,5,6,5,8,7,6,7,7,8,5,9,8,5,5,9,7,8,8,7,8,7,8,5,6,9,7,9,9,8,9,7,8,9,9,7,9,8,7,9,9
7,9,0,7,9,7,6,8,9,9,9,7,9,9,6,5,7,5,9,8,5,7,7,8,8,7,6,9,6,8,5,8,6,8,7,6,8,6,6,9,7,9,9,9,8,6,8,8,8,8,5,8,8,8,9,7,9,5,8,6,5,7,6,6,9,5,6,5,7,5,7,6,9,5,6
6,8,8,0,5,7,9,7,5,8,8,6,9,7,9,5,6,7,7,5,8,5,7,7,5,8,5,8,6,7,5,8,9,8,7,8,9,6,5,6,7,7,6,8,8,7,5,8,6,6,8,9,8,9,7,5,8,5,8,6,7,5,6,7,7,9,7,6,9,6,6,5,7,6,7
5,8,9,9,0,7,7,6,6,9,9,5,5,9,6,6,9,8,8,8,9,6,6,8,5,8,9,9,9,5,5,7,7,7,6,6,7,9,5,5,8,5,9,7,8,7,8,7,5,8,6,7,7,8,7,6,8,9,8,5,7,8,7,6,8,7,7,8,8,9,8,9,7,7,5
8,6,9,5,8,0,9,7,8,5,8,8,9,9,9,5,7,8,5,5,7,9,8,8,8,5,9,5,9,6,9,6,9,5,8,8,9,9,8,5,5,5,5,6,7,5,8,8,8,8,6,5,8,7,5,5,9,8,5,5,9,9,7,7,6,6,9,9,6,6,5,8,5,5,5
6,9,7,6,8,7,0,5,7,6,9,9,8,7,5,7,8,6,8,8,5,6,8,7,5,5,6,9,7,7,7,7,5,7,7,8,5,7,7,7,7,8,6,6,7,7,8,6,8,8,7,9,9,7,5,8,8,7,7,6,7,8,8,5,8,6,9,5,9,7,6,6,8,6,5
6,9,7,9,7,6,9,0,5,8,9,8,8,7,7,8,9,8,5,6,5,9,5,6,7,6,7,8,6,6,6,6,5,7,6,8,9,6,7,9,9,8,8,9,5,9,8,6,7,6,7,8,5,7,6,5,5,8,9,8,5,7,7,8,7,8,8,5,6,8,9,8,5,6,6
6,6,6,5,8,7,6,5,0,5,9,8,5,7,6,6,8,5,7,9,9,7,5,9,6,6,6,7,5,9,6,9,7,8,6,9,8,9,7,6,5,8,7,7,8,9,7,5,9,9,5,8,6,6,7,9,6,6,9,8,6,5,6,6,8,9,5,6,5,6,7,8,7,5,8
5,9,8,5,7,8,5,8,5,0,8,8,8,5,6,7,8,7,9,9,9,5,7,5,8,9,8,6,9,7,7,6,6,5,7,6,9,7,5,7,9,6,7,5,7,5,6,9,5,8,8,5,9,8,6,8,8,9,9,6,9,7,5,5,8,7,6,8,8,9,7,5,6,7,9
8,8,6,8,8,7,8,5,6,9,0,7,6,7,9,9,8,5,7,8,7,7,5,6,7,9,8,8,6,5,5,8,8,7,9,7,5,7,5,6,9,5,7,9,6,6,5,9,8,8,6,7,7,8,9,6,7,6,8,9,9,9,7,9,5,6,8,9,8,6,9,6,9,6,9
7,5,6,5,6,8,9,9,8,9,8,0,5,5,8,7,5,8,8,6,7,5,8,7,9,5,7,6,5,7,8,5,7,6,8,6,6,5,6,7,5,9,9,8,5,6,5,8,5,5,5,5,7,8,8,8,9,7,7,9,9,7,8,6,9,9,5,9,6,6,5,5,7,6,6
7,5,9,7,7,9,8,5,5,7,7,7,0,9,7,9,7,8,7,6,7,8,5,7,8,5,6,6,7,9,9,5,8,5,7,6,7,9,5,5,9,5,6,8,9,7,6,6,6,6,9,6,7,5,8,7,6,8,5,6,6,8,5,6,5,6,8,7,6,5,6,7,8,7,6
6,6,7,8,6,9,9,9,6,9,8,8,8,0,6,9,5,9,8,9,9,6,5,9,8,7,8,9,5,5,9,6,8,9,9,6,6,9,9,8,7,6,8,9,6,7,8,5,5,6,5,7,9,9,8,5,6,7,8,5,8,5,9,8,6,8,9,8,9,9,8,6,9,5,7
7,7,5,7,6,8,7,8,8,5,7,7,9,6,0,8,5,8,5,9,9,7,7,9,7,8,7,9,6,5,8,9,7,8,7,5,7,6,9,7,6,6,6,5,8,9,6,5,7,5,9,9,5,5,5,9,5,7,7,9,8,8,5,7,9,5,9,8,7,6,5,9,9,7,7
8,5,6,6,8,7,7,7,6,6,8,8,6,8,7,0,9,5,8,5,9,8,6,8,5,8,9,7,7,5,9,5,5,8,8,7,9,9,6,9,6,5,6,8,6,6,6,8,9,5,6,5,5,8,8,9,6,6,5,8,8,9,9,6,7,5,8,5,8,6,7,5,8,8,9
8,7,8,6,9,6,6,7,7,9,8,9,7,9,9,5,0,7,8,8,6,6,5,9,6,5,8,5,5,7,7,5,7,7,9,5,7,8,5,5,6,7,6,7,7,8,6,5,6,8,5,5,7,5,7,7,7,7,6,5,6,6,5,5,5,8,6,7,8,9,7,7,7,7,7
8,9,8,6,7,9,7,9,6,6,7,8,6,9,6,7,9,0,6,9,9,5,6,6,7,8,6,9,7,6,6,8,7,9,8,8,8,8,5,9,6,9,7,9,8,7,5,5,7,7,6,8,6,8,8,7,7,7,6,8,5,5,5,7,5,8,9,8,8,5,8,8,8,7,7
5,8,7,8,9,8,6,6,5,5,8,7,9,6,6,6,5,7,0,7,8,6,9,9,8,9,8,6,6,6,8,8,9,8,5,8,9,5,8,6,9,9,8,9,7,7,6,9,7,6,9,7,6,5,9,6,6,8,8,9,6,7,9,9,6,7,8,8,9,7,7,6,6,5,7
9,7,9,7,6,8,8,8,5,7,6,6,8,9,8,7,5,6,9,0,5,7,9,8,8,9,8,7,5,5,9,8,5,5,8,9,8,6,5,7,5,7,8,9,6,9,5,9,8,5,5,6,9,7,5,9,5,9,5,7,7,5,8,8,5,9,5,6,5,9,5,5,9,9,8
8,9,9,6,8,9,8,8,9,5,8,8,7,9,8,9,9,6,8,9,0,9,8,5,9,7,8,8,9,8,5,9,6,9,8,7,5,5,7,6,7,8,7,9,7,7,5,8,6,6,5,6,9,6,9,8,9,8,9,9,9,6,9,5,8,5,6,8,9,7,7,8,6,9,5
5,7,9,7,7,6,5,6,7,8,9,9,9,5,9,7,7,6,8,7,6,0,9,7,5,6,5,6,9,9,8,6,9,5,6,8,6,5,5,7,7,9,9,6,6,9,5,6,8,9,5,5,7,8,7,9,6,5,8,5,6,5,6,7,9,7,5,9,8,6,8,7,6,8,5
8,6,8,5,6,6,9,7,5,9,8,8,5,7,7,7,5,6,5,6,7,7,0,7,7,8,8,6,8,7,5,7,9,9,8,9,7,7,9,6,9,6,7,6,8,5,8,5,7,6,8,7,5,6,6,7,5,8,6,6,8,9,6,5,9,6,8,9,6,8,9,5,5,5,5
9,5,5,9,6,5,8,8,6,8,7,6,8,7,5,8,9,5,8,8,9,5,6,0,6,6,6,9,8,8,6,8,7,5,5,6,7,5,9,5,6,9,6,9,6,7,5,5,7,6,9,5,9,7,6,5,9,8,8,8,9,6,5,5,9,5,5,5,7,5,8,8,9,5,6
8,8,6,9,9,6,6,6,7,8,6,9,9,9,9,7,8,6,5,5,5,9,5,9,0,6,7,9,7,6,8,6,5,9,5,7,7,8,8,8,7,8,9,8,6,8,6,5,6,8,8,9,7,9,9,6,9,8,6,8,7,6,8,5,9,7,6,5,8,6,7,9,9,7,8
7,5,6,8,6,5,6,8,9,8,8,9,6,9,9,8,9,6,5,6,6,9,9,8,9,0,7,6,6,9,5,8,5,9,5,7,5,7,9,5,8,5,7,9,6,5,7,9,5,9,8,8,7,9,5,7,7,6,7,9,8,9,5,9,8,9,8,9,5,7,8,5,9,6,7
5,8,5,7,8,6,7,5,6,6,7,6,5,8,8,9,8,5,5,6,9,5,8,5,6,7,0,8,9,7,6,7,8,6,7,5,9,6,9,9,7,6,8,8,7,6,8,7,5,7,7,9,5,9,9,8,5,9,5,6,5,8,8,7,5,8,8,9,8,8,8,7,9,5,7
9,5,7,5,9,7,5,7,6,5,6,6,9,7,9,9,9,6,8,8,9,8,5,7,8,7,9,0,8,6,8,5,5,5,6,9,7,7,8,6,8,5,5,6,7,9,7,9,7,9,8,9,5,6,6,8,6,9,5,6,6,8,6,5,7,9,5,6,7,7,6,7,5,5,5
8,8,6,8,7,6,8,6,9,8,9,9,9,8,8,8,8,7,6,9,9,8,9,8,7,8,5,6,0,9,7,6,8,5,6,8,9,9,6,7,5,7,6,7,7,8,9,6,8,9,9,8,5,9,5,5,5,9,8,5,8,6,7,7,6,6,6,9,8,9,8,8,7,9,6
7,7,5,6,5,8,7,6,7,9,9,6,9,9,5,8,5,6,5,8,8,5,9,6,6,7,5,8,8,0,5,5,6,5,7,8,8,9,7,7,7,6,9,9,7,7,5,6,5,7,6,8,7,6,5,7,7,8,9,5,7,7,8,8,6,8,7,5,6,6,7,9,7,8,8
7,9,5,7,8,5,5,5,5,7,7,8,5,5,5,6,5,9,6,5,9,7,6,7,8,9,9,5,9,5,0,7,5,8,8,8,7,6,5,5,9,7,7,7,5,9,5,7,5,6,9,7,9,6,8,8,9,8,8,8,9,5,5,5,5,5,6,9,7,6,7,9,9,8,7
7,7,5,5,7,8,6,9,8,9,8,7,9,5,9,9,9,8,7,6,8,6,6,7,5,8,5,5,8,9,9,0,7,5,8,5,6,9,8,5,5,7,6,6,6,6,7,7,8,7,7,7,6,7,7,8,5,5,7,5,9,7,5,6,9,9,5,6,5,5,7,5,6,7,6
8,7,9,5,5,7,6,6,8,6,6,8,5,7,5,9,6,6,7,5,8,7,5,7,6,6,6,6,8,9,7,6,0,8,5,9,6,5,5,7,8,8,5,7,9,7,6,5,8,5,5,6,8,8,7,7,6,7,7,8,9,6,5,7,8,8,5,9,9,8,8,8,6,9,9
7,7,9,5,5,5,6,7,5,8,7,8,7,6,7,8,9,8,6,8,6,8,7,9,6,7,6,5,5,6,6,5,9,0,9,9,5,6,6,6,8,7,9,9,9,5,5,7,7,7,9,9,9,9,5,7,9,9,9,9,7,8,6,6,8,6,6,8,8,7,7,6,7,6,8
5,7,8,8,8,5,5,8,8,6,7,6,6,8,6,9,5,7,7,9,9,6,7,5,7,8,6,8,5,9,7,7,8,6,0,5,9,6,6,5,8,7,9,7,5,6,9,5,5,6,7,7,9,9,7,8,8,5,7,5,9,9,6,8,8,8,5,8,9,8,7,8,8,6,9
6,9,8,7,9,7,8,6,6,7,7,7,7,5,8,7,9,8,5,5,8,6,6,9,6,6,6,6,7,9,9,8,8,5,5,0,8,9,7,8,7,6,8,9,5,6,5,7,7,6,5,7,9,8,5,5,5,8,9,5,8,6,7,9,7,7,9,9,6,9,5,7,6,5,8
9,5,6,6,8,6,8,8,5,6,7,5,5,8,9,5,5,9,7,5,5,9,9,7,7,6,6,6,8,5,7,5,9,9,5,5,0,9,7,6,9,9,8,6,7,5,7,9,5,6,9,5,8,9,9,7,9,6,9,8,6,9,7,5,9,8,6,5,5,7,9,5,7,8,7
5,7,7,6,7,9,7,5,9,8,5,9,6,5,6,6,9,5,8,5,9,7,8,7,9,8,7,8,8,7,8,7,5,6,9,5,6,0,5,6,8,8,8,7,6,8,9,9,5,8,6,5,5,9,7,7,8,9,9,6,8,7,8,7,6,9,8,9,9,5,6,9,9,8,5
6,6,9,6,9,9,9,7,5,6,7,8,8,7,8,6,5,7,8,8,6,5,6,5,7,9,5,9,9,6,6,5,7,8,6,6,8,7,0,5,7,9,5,7,5,9,6,5,6,6,9,6,7,6,5,8,5,9,9,9,5,9,9,7,8,9,6,6,9,6,6,7,8,6,5
8,6,7,5,6,5,9,8,8,9,5,9,9,7,5,5,7,8,8,5,7,5,7,8,6,8,5,5,5,9,6,8,5,5,6,7,8,9,8,0,8,5,6,5,8,8,5,6,9,9,6,9,9,9,6,8,8,8,8,9,7,5,8,8,9,7,6,9,9,5,7,6,7,5,9
9,6,5,9,5,5,6,5,6,9,9,7,8,8,6,8,9,9,5,5,7,7,7,5,5,6,5,7,8,6,9,7,8,5,7,6,8,9,8,8,0,6,9,6,9,5,9,8,5,7,7,8,7,6,5,7,6,8,9,8,8,9,9,7,9,9,6,9,8,5,9,5,9,6,7
8,7,6,8,5,5,8,5,9,6,8,7,5,7,7,6,8,8,5,9,8,7,7,6,9,8,5,5,5,7,7,8,5,9,6,9,5,5,8,8,9,0,9,9,6,5,7,5,6,5,9,6,6,9,6,8,6,5,9,9,6,5,8,5,7,9,5,6,6,5,8,5,8,9,6
9,8,8,6,6,6,7,8,9,5,5,5,8,8,5,5,9,6,5,7,8,6,9,6,6,5,6,9,6,7,8,8,6,7,6,5,7,8,8,8,8,6,0,8,9,6,8,7,7,5,9,8,9,7,7,8,8,8,6,9,5,9,7,7,7,7,7,9,5,7,5,7,5,8,7
8,6,7,5,5,8,8,8,9,6,8,8,5,8,9,8,6,6,9,7,8,5,9,5,7,8,9,6,5,5,6,8,6,5,9,7,5,8,6,6,7,6,8,0,6,9,8,7,5,6,8,8,6,6,5,9,7,6,7,8,6,8,6,8,8,9,5,6,5,9,6,7,8,5,7
9,6,7,8,6,8,6,8,9,6,6,5,6,6,6,7,5,8,9,9,7,5,7,5,6,9,6,6,6,9,6,5,6,8,5,7,5,8,5,5,5,9,6,7,0,6,9,8,5,9,7,5,9,8,5,5,9,8,6,6,7,6,9,7,5,5,6,8,7,5,8,6,7,7,9
8,7,8,5,8,7,5,5,7,9,9,6,6,5,8,6,8,8,6,8,8,5,7,6,6,9,5,5,5,5,5,7,6,8,6,7,5,8,8,9,6,5,6,8,5,0,8,5,7,9,9,5,8,6,9,6,8,5,6,9,8,7,5,5,7,9,6,9,7,8,5,5,5,9,7
7,7,8,8,6,7,9,7,6,6,5,6,6,7,7,8,7,8,9,5,6,6,5,9,9,9,9,7,8,9,8,5,9,9,6,9,9,6,5,6,8,9,8,9,6,7,0,5,6,5,5,8,6,6,9,5,6,7,9,9,6,8,6,8,6,7,5,7,6,5,8,9,5,7,7
6,7,7,5,8,6,8,7,7,8,6,6,8,5,8,5,6,9,7,9,8,7,5,7,7,6,5,8,5,7,5,7,9,8,7,8,9,6,6,7,7,5,9,5,5,5,6,0,7,8,5,6,9,7,8,9,9,6,9,8,6,6,5,7,5,8,8,7,5,7,5,6,9,8,5
6,7,7,5,6,6,5,8,5,5,5,5,5,5,8,8,6,9,8,9,6,7,7,8,6,7,8,5,9,7,9,6,5,7,7,6,6,6,8,7,5,7,5,6,9,8,8,7,0,6,8,8,6,6,9,9,9,9,8,8,8,7,9,8,7,6,9,9,7,7,7,6,5,5,6
8,8,7,6,9,8,9,5,9,6,8,7,5,6,8,8,6,7,7,5,9,6,9,7,5,5,8,5,9,8,6,8,6,9,5,6,6,8,9,5,9,7,5,7,9,8,9,7,9,0,9,5,9,7,5,7,7,9,9,5,9,9,8,6,5,9,9,6,5,6,7,6,7,8,7
5,6,6,6,7,7,6,5,6,5,8,7,6,5,7,7,6,7,8,5,5,5,5,9,8,9,7,9,6,7,8,8,6,5,9,5,6,7,7,7,8,8,7,6,7,6,8,5,7,8,0,5,9,8,7,6,5,5,6,7,8,9,6,9,8,7,5,6,5,5,7,6,9,5,5
7,6,7,9,7,7,5,7,6,7,7,8,9,8,8,9,9,9,9,8,8,6,9,9,9,7,9,7,9,5,6,5,9,8,9,9,7,6,9,5,7,7,5,6,6,8,6,8,7,6,7,0,7,9,6,7,6,7,8,5,5,7,8,7,6,5,6,9,6,8,8,6,8,5,8
5,5,6,7,7,5,5,6,5,7,7,9,6,7,5,8,6,9,5,8,7,9,5,8,5,5,8,5,9,8,9,9,6,5,5,7,5,5,5,9,9,6,7,9,8,6,5,6,5,9,6,7,0,8,6,6,6,5,7,6,7,7,5,6,7,8,8,8,5,7,7,8,6,8,5
9,6,7,5,5,9,5,6,9,9,6,6,6,5,9,9,7,8,8,7,7,8,9,5,6,5,7,9,9,8,6,5,9,7,6,9,9,9,7,7,7,5,6,7,5,6,6,8,5,7,9,5,7,0,5,7,6,6,6,9,9,6,5,7,5,7,6,7,8,8,5,5,8,6,6
9,7,6,7,9,9,8,9,8,6,8,6,7,8,5,5,7,7,5,7,5,7,8,6,9,9,9,8,9,5,7,6,8,6,5,5,9,9,7,9,6,6,6,5,6,6,8,8,8,7,7,8,7,8,0,6,7,9,5,8,9,5,5,5,7,9,7,7,5,8,9,6,8,9,5
5,8,5,7,9,8,5,5,9,7,8,9,8,5,5,8,5,9,6,7,8,6,6,9,5,9,8,8,5,8,6,8,8,6,7,7,7,6,5,9,9,9,5,8,9,5,8,7,5,9,9,6,7,7,6,0,9,6,6,6,5,9,7,5,6,5,9,5,7,7,7,6,9,8,6
8,9,5,8,9,5,6,5,7,5,9,9,6,6,9,8,5,5,9,5,5,6,9,8,7,9,9,6,5,8,8,9,7,6,9,7,8,8,6,6,8,8,5,9,6,5,8,9,7,9,6,5,9,8,5,6,0,9,6,6,5,6,5,5,8,7,9,7,9,6,6,9,7,9,8
6,6,6,9,6,6,5,5,8,6,6,8,5,9,5,7,8,7,7,6,5,8,8,6,7,7,8,9,7,5,9,9,5,5,7,9,9,9,9,9,9,6,6,9,7,8,9,7,8,8,8,7,5,8,8,7,8,0,5,7,9,7,6,7,8,6,7,7,9,6,6,8,8,7,7
6,9,7,8,8,8,7,5,5,8,6,7,9,7,7,9,5,9,7,5,7,8,8,7,7,5,6,5,6,7,5,5,5,8,7,9,5,9,6,8,7,6,6,8,7,9,7,5,6,7,5,8,6,6,9,8,5,9,0,6,8,7,7,9,7,8,6,7,6,5,7,8,6,8,8
8,6,7,5,5,8,7,5,8,8,6,7,9,8,8,8,9,6,8,7,6,5,6,8,5,5,6,6,9,8,8,8,9,7,8,8,5,9,8,7,6,6,8,6,5,5,6,8,7,6,8,7,8,6,7,8,9,8,5,0,9,6,5,6,5,5,7,7,6,9,5,7,9,7,5
5,9,7,5,7,9,9,7,8,8,5,6,5,8,9,5,8,7,9,8,5,5,5,8,6,7,7,5,9,7,8,8,9,7,5,7,6,9,6,5,5,8,6,7,9,8,7,8,6,9,6,5,5,9,5,5,9,8,9,9,0,6,8,8,6,5,6,6,8,8,7,9,9,5,9
7,6,8,7,8,7,5,8,8,5,5,7,8,5,7,9,8,7,9,6,8,6,5,5,7,8,7,8,5,9,9,7,9,6,6,8,6,6,5,7,8,8,5,8,5,7,7,5,5,8,8,7,9,9,5,5,6,8,5,5,9,0,6,8,8,5,8,7,7,9,9,8,7,6,7
7,5,6,6,9,9,5,7,8,6,6,7,8,5,5,5,6,8,5,5,7,7,9,7,8,7,9,5,5,6,5,5,5,6,6,5,9,5,8,5,9,7,8,6,6,8,5,7,7,9,7,5,6,6,5,5,5,8,8,6,5,5,0,6,6,6,5,6,6,9,5,5,6,9,5
5,9,8,7,5,9,7,7,7,6,9,9,9,9,6,5,9,6,7,6,5,9,6,7,5,6,7,8,8,6,8,6,5,5,5,5,7,7,8,8,9,7,7,9,7,6,6,6,5,8,5,9,9,7,5,5,8,6,7,9,7,9,9,0,5,8,8,8,8,8,5,8,6,7,8
7,7,7,7,9,8,5,5,7,9,6,9,6,8,5,5,6,5,5,9,5,5,8,6,6,8,7,7,7,9,9,9,6,5,5,8,8,6,6,8,8,6,6,9,9,9,6,5,8,8,9,8,6,8,8,7,8,5,5,5,6,7,8,8,0,5,6,7,6,8,7,6,5,8,6
5,8,8,9,6,7,7,6,9,8,5,6,7,7,7,7,9,7,5,5,7,5,8,7,9,8,6,5,7,5,7,8,9,5,8,9,8,8,8,8,8,9,8,9,8,8,8,9,8,5,7,9,9,7,8,9,9,6,5,8,5,6,9,8,6,0,6,6,7,9,7,9,5,8,7
7,7,7,8,9,5,9,6,6,7,7,8,9,6,6,9,9,7,8,5,8,6,5,5,8,6,6,5,5,5,5,7,5,7,5,5,7,6,6,5,9,8,9,7,5,8,7,5,6,9,8,7,7,8,9,5,7,6,5,7,8,8,6,6,6,5,0,7,6,6,5,6,8,5,8
5,9,6,7,9,5,9,6,9,5,7,8,9,7,8,9,7,5,6,8,7,5,7,8,5,9,5,5,9,6,8,9,6,9,7,9,8,5,6,9,8,6,9,5,8,7,6,5,8,6,7,6,7,7,5,5,6,8,6,5,5,9,7,7,7,8,7,0,5,9,8,6,7,8,6
5,5,6,7,5,7,8,9,6,7,9,7,7,9,8,7,8,5,8,6,9,8,8,6,8,5,5,5,5,5,5,9,7,6,7,5,8,9,7,9,6,5,7,9,8,5,5,8,7,7,5,5,9,7,7,6,6,9,8,5,7,8,8,6,7,9,5,6,0,6,7,8,8,8,9
9,8,5,8,8,8,9,7,8,8,5,5,9,9,8,6,8,9,5,7,6,8,6,6,7,8,5,9,6,9,8,6,7,5,7,8,5,8,5,5,5,9,5,5,6,7,5,5,7,5,9,9,8,5,7,6,6,9,6,5,8,9,6,8,9,8,7,8,7,0,5,6,5,8,9
7,7,8,6,5,9,8,9,7,5,9,9,8,6,8,5,6,5,6,5,7,5,8,6,5,7,9,6,7,6,9,9,5,8,8,5,7,5,8,6,7,8,7,5,9,5,5,5,5,7,9,5,8,8,7,6,8,7,6,7,9,6,7,5,6,5,8,5,8,8,0,7,5,6,9
8,9,8,8,7,9,7,8,6,5,7,9,5,7,5,6,6,5,9,6,6,5,5,6,9,8,6,5,7,7,9,8,8,9,9,7,8,5,5,6,5,6,5,7,8,6,9,6,9,6,6,7,6,5,7,7,8,6,8,8,8,6,6,8,5,9,5,6,7,7,8,0,6,5,7
5,5,9,8,8,7,9,5,6,5,6,6,6,7,6,7,8,7,6,6,8,9,9,6,6,8,5,8,8,6,7,9,6,8,5,6,8,5,7,6,8,7,5,5,7,8,7,8,9,5,8,6,5,8,9,6,6,8,6,5,6,6,6,9,7,6,5,7,7,5,9,8,0,9,9
7,5,8,9,9,7,5,7,8,8,7,6,9,7,8,8,5,9,9,7,9,7,6,5,7,6,8,5,5,9,6,5,6,5,5,9,7,7,9,8,9,9,7,7,7,6,7,7,8,8,9,9,8,7,5,5,8,7,6,7,8,5,6,8,7,6,9,8,7,9,6,8,5,0,5
7,5,9,8,8,6,8,6,6,7,5,7,7,9,5,5,6,5,5,6,5,8,7,9,5,5,7,9,5,9,7,5,8,8,5,9,5,9,8,5,8,7,9,9,8,9,9,9,7,6,8,6,7,9,5,9,7,5,8,8,8,9,6,6,5,9,9,9,9,5,9,6,6,5,0
