R=75
Pi=(19,17,17,16,17,12,13,14,12,19,16,12,15,16,19,12,10,11,19,11,11,13,16,15,16,19,15,18,13,11,18,10,13,12,11,11,13,11,10,16,11,14,18,14,11,16,17,16,11,15,15,12,18,15,11,16,10,12,10,17,17,15,11,10,10,15,19,12,15,17,19,18,11,13,10)
A=
1,2,26
2,3,0
3,4,27
4,5,34
5,6,0
6,7,0
7,8,29
9,10,0
10,11,29
11,12,0
12,13,23
13,14,0
14,15,0
16,21,0
25,26,34
26,27,0
27,28,0
28,29,23
29,30,39
30,31,0
34,35,0
35,36,0
36,38,0
39,40,36
40,42,0
43,45,27
44,46,22
47,49,28
51,53,24
54,56,29
55,57,0
56,58,0
62,64,23
63,65,37
67,69,0
70,72,36
72,74,31
Sij=
0,12,12,11,14,14,12,13,13,10,14,12,11,10,11,10,11,10,13,10,12,14,10,11,12,14,11,12,10,11,14,14,14,11,12,13,14,12,13,13,10,11,14,10,11,13,10,10,10,11,14,12,12,10,10,13,12,11,14,10,13,10,13,11,11,14,13,14,12,12,10,14,11,10,14
10,0,14,14,14,13,14,11,12,14,12,11,12,13,10,14,10,13,13,13,14,10,13,13,13,12,10,10,12,12,11,14,11,11,11,14,13,12,11,10,10,11,13,13,14,10,12,14,14,13,12,11,11,12,10,13,12,11,11,12,13,14,13,14,13,12,10,10,12,10,10,12,11,12,12
13,12,0,14,13,13,10,10,11,13,14,14,13,13,10,12,11,11,11,14,12,11,13,13,10,12,14,11,12,13,13,14,10,14,14,12,11,13,13,13,12,13,13,14,14,14,14,12,10,10,14,14,11,12,10,11,14,14,14,11,13,13,12,12,10,10,14,14,13,13,10,13,13,13,12
13,13,13,0,13,10,13,12,11,11,14,14,13,12,13,12,12,12,14,12,14,13,10,10,14,14,10,10,13,11,14,10,10,12,10,11,13,11,11,13,13,11,12,11,13,11,11,11,10,10,10,13,13,11,13,13,13,12,14,13,10,12,14,14,11,13,13,11,12,12,14,11,11,11,13
13,10,14,11,0,12,13,13,14,12,11,11,12,14,14,11,13,10,12,12,12,10,11,13,14,10,12,10,14,12,11,14,12,12,12,10,13,14,11,11,14,11,13,11,13,10,10,13,12,10,14,13,13,13,13,13,11,11,14,10,14,13,14,12,10,11,14,14,12,13,13,13,14,11,13
11,12,14,10,14,0,14,14,13,13,13,12,11,13,13,13,13,11,14,10,11,11,11,10,11,11,10,11,11,13,11,10,13,12,10,12,11,11,11,10,11,10,10,11,14,13,10,11,10,13,14,12,13,14,14,11,14,11,13,13,13,13,12,14,11,12,14,13,13,11,12,12,14,14,14
10,11,10,11,13,11,0,14,10,12,13,14,11,14,12,13,13,10,12,12,11,12,13,10,10,11,13,11,13,14,11,12,12,14,10,14,10,14,14,10,12,14,13,14,11,12,10,10,11,14,13,12,14,12,12,11,12,10,10,10,14,14,11,11,11,11,11,12,13,13,12,13,10,12,14
12,14,13,13,12,10,13,0,10,13,10,14,12,10,11,14,12,10,13,14,11,13,13,11,13,10,10,13,11,13,12,14,11,12,12,10,12,13,12,12,14,10,13,13,10,11,13,11,10,14,10,12,10,11,10,10,14,12,10,13,12,12,12,12,11,11,12,10,13,10,12,13,13,11,14
11,10,10,11,11,12,14,12,0,12,12,14,14,10,11,11,11,14,13,13,14,11,13,11,12,14,13,13,13,14,11,12,14,13,11,14,10,14,11,14,11,13,14,14,10,11,11,12,13,11,14,12,10,14,12,13,12,13,12,12,12,14,11,13,10,10,10,11,13,12,10,12,13,14,12
11,11,13,11,10,12,11,14,11,0,10,14,11,14,11,13,11,11,11,14,11,12,11,11,13,10,10,10,14,11,10,11,14,11,11,10,11,13,12,12,14,11,14,14,12,11,13,10,14,10,10,14,11,13,12,10,14,10,10,10,10,11,11,13,11,13,14,10,12,10,12,12,14,14,14
10,12,12,13,12,11,14,10,14,10,0,11,14,10,14,11,11,10,13,11,11,13,14,10,13,13,11,12,12,14,13,12,10,12,14,11,12,12,11,13,14,10,10,12,13,10,14,14,11,11,14,11,14,12,12,11,10,11,14,10,10,13,11,11,10,13,11,12,11,12,13,14,14,10,12
10,12,12,12,13,14,12,11,11,10,12,0,12,12,10,12,11,11,12,11,12,10,14,14,11,14,13,11,12,13,12,14,11,14,14,12,14,13,13,11,10,13,11,10,10,13,10,13,12,13,11,12,11,12,13,12,11,12,10,13,14,12,14,13,13,10,10,13,13,12,13,12,12,11,11
14,13,14,13,12,14,10,14,14,12,10,13,0,13,10,12,10,11,12,10,11,12,13,13,11,10,13,11,14,14,14,13,10,14,11,14,14,11,13,13,13,13,13,10,10,13,11,11,12,11,12,12,14,11,14,13,10,14,12,13,14,13,11,10,14,13,10,13,11,11,12,13,12,14,12
13,13,13,13,13,13,11,13,13,12,12,13,13,0,14,13,13,14,14,10,13,14,12,13,11,11,13,13,14,11,13,13,14,10,13,11,14,11,11,14,14,12,10,12,13,11,10,11,13,13,13,13,14,12,10,12,11,10,12,11,14,10,11,12,14,13,13,13,14,13,13,11,13,14,10
11,14,14,10,14,11,11,14,11,12,10,13,11,14,0,11,14,14,14,14,10,14,10,12,13,14,12,11,11,14,10,11,14,10,11,14,12,11,10,12,10,13,10,10,14,14,10,12,13,13,13,13,12,14,14,11,10,11,11,11,12,14,14,14,10,11,10,12,10,10,13,13,13,11,13
11,13,14,13,13,13,10,13,13,11,11,13,10,11,10,0,13,10,10,14,10,11,13,11,10,12,14,12,11,13,14,10,10,10,11,12,13,10,13,12,12,11,10,11,13,13,13,14,10,14,11,12,12,14,11,11,13,11,14,11,14,10,13,10,13,10,11,13,14,14,12,12,12,12,12
14,10,12,13,11,14,14,11,12,11,11,13,10,14,14,14,0,11,11,12,13,11,12,10,12,12,12,14,10,11,12,13,10,14,12,11,11,11,13,12,11,14,14,11,13,12,12,11,13,10,14,10,11,10,13,10,11,14,14,10,14,14,14,10,14,12,11,13,13,12,12,13,12,13,10
14,12,11,12,10,10,10,11,10,11,11,12,14,10,11,10,11,0,11,13,13,11,10,14,12,10,10,14,12,11,12,11,13,13,14,14,13,10,12,13,14,13,13,13,13,12,10,11,12,11,11,11,11,14,14,13,13,13,13,11,14,11,13,10,13,10,13,14,10,11,13,10,13,12,13
14,13,11,10,14,10,14,11,11,14,10,10,14,13,10,10,10,11,0,10,14,13,10,13,10,13,13,10,11,10,13,11,12,13,10,10,10,12,12,14,11,10,14,11,10,12,10,14,10,14,10,13,13,13,13,14,14,10,10,12,11,14,12,11,12,12,13,11,13,13,10,13,12,12,14
13,14,13,12,13,13,14,10,11,10,10,13,14,10,10,10,14,11,14,0,13,11,12,13,13,13,14,13,10,12,13,11,10,11,13,10,10,10,12,12,14,11,14,10,10,12,14,13,10,13,12,10,12,12,14,12,10,10,10,14,14,14,14,12,13,13,14,11,10,10,14,10,12,13,14
11,12,11,12,11,13,10,12,12,10,13,14,12,12,11,14,14,10,13,13,0,10,11,11,12,12,12,12,13,10,13,12,13,13,12,12,10,13,13,13,10,13,11,12,12,10,13,12,14,14,11,10,10,13,10,14,10,10,14,10,13,10,12,12,13,12,14,11,14,10,10,10,11,11,12
14,14,14,14,12,13,14,13,13,14,13,12,14,12,13,12,14,14,12,14,10,0,11,14,13,14,10,12,13,14,13,10,13,13,11,11,10,11,10,11,11,13,11,13,12,10,10,14,13,11,12,10,10,13,11,12,13,14,10,14,12,10,11,14,14,13,14,13,13,11,12,11,13,13,10
11,13,12,11,13,14,10,14,12,11,12,14,14,11,13,12,10,10,11,14,11,11,0,12,14,13,10,11,10,11,13,11,11,12,12,10,14,10,13,12,10,11,11,14,13,11,14,10,11,10,14,12,10,12,13,14,14,10,13,12,12,12,14,12,13,14,11,12,11,11,14,11,12,13,10
13,14,12,14,12,14,10,14,10,12,10,11,14,13,13,11,13,12,10,14,13,11,14,0,10,13,10,11,13,10,10,12,10,11,12,10,10,12,11,11,13,12,12,14,14,13,13,11,13,13,10,10,14,11,14,11,11,14,11,10,11,12,11,14,10,10,10,14,11,13,12,14,11,11,12
12,11,12,14,12,10,13,13,14,10,14,12,13,12,10,13,10,10,11,14,10,10,13,13,0,13,12,13,10,10,11,11,14,13,13,11,10,14,10,13,14,12,14,11,13,10,12,11,11,11,14,11,13,10,11,12,11,12,13,10,10,11,13,13,13,14,10,14,14,11,14,14,10,11,11
12,10,13,14,13,11,10,12,13,10,14,12,13,11,11,14,12,11,14,13,13,13,11,12,14,0,14,12,12,10,11,10,11,11,13,14,11,13,13,14,14,14,14,10,13,14,11,12,13,13,11,11,13,11,12,13,13,14,10,14,14,13,13,12,12,10,12,11,10,12,14,11,14,11,14
14,14,13,13,13,13,12,14,13,13,10,11,14,13,10,10,11,12,14,14,11,11,11,13,12,12,0,10,12,11,13,14,12,11,11,13,14,10,11,12,10,12,14,14,13,11,13,12,12,14,11,12,13,14,11,13,12,12,10,10,10,13,10,13,14,13,12,10,13,14,10,10,10,10,13
12,11,11,13,11,14,14,12,12,14,10,11,12,10,13,11,12,14,11,11,12,12,10,10,14,14,13,0,14,12,14,11,12,12,10,14,11,11,13,14,10,11,10,12,14,13,12,14,10,10,13,13,10,13,13,11,10,11,10,13,11,11,10,10,13,12,13,13,11,11,11,14,13,14,11
10,11,14,11,11,12,14,12,14,13,10,10,14,14,14,13,10,10,10,12,13,10,14,14,11,10,13,13,0,13,13,13,10,10,12,13,14,10,14,14,11,12,13,10,11,12,12,13,14,12,12,10,14,13,12,12,14,11,14,10,11,13,11,13,10,10,14,14,11,10,14,12,11,11,13
10,10,10,13,12,13,12,14,10,11,12,14,12,13,10,13,13,11,13,13,13,11,14,14,11,12,13,11,13,0,13,14,14,13,10,12,11,14,13,12,11,13,14,10,12,13,11,12,10,11,12,11,11,12,13,14,13,10,10,11,14,10,10,10,11,12,13,11,12,11,13,14,14,13,12
14,14,10,12,11,10,14,12,14,11,12,12,12,14,10,13,11,13,11,12,11,13,13,14,10,10,14,10,14,13,0,12,11,12,10,14,14,12,13,13,11,14,13,10,13,14,14,10,11,11,12,12,10,13,11,10,10,10,11,12,11,10,14,12,11,13,11,10,12,10,10,10,13,10,14
12,13,12,14,14,11,14,13,13,12,10,12,13,11,14,13,13,11,11,12,11,10,10,13,14,13,13,13,10,11,11,0,14,10,13,13,12,12,11,11,11,12,11,11,10,11,11,12,14,13,12,11,14,11,13,13,12,13,14,14,11,12,10,13,12,10,11,11,10,12,11,10,12,14,10
14,14,14,14,12,13,10,14,10,12,14,11,12,12,14,10,14,13,11,10,13,11,12,13,10,14,10,12,11,11,12,13,0,10,11,13,14,13,13,12,11,11,12,10,11,13,13,13,14,11,12,11,12,11,14,11,13,11,10,14,12,12,12,13,13,10,10,11,10,14,10,11,10,11,14
13,11,10,11,10,11,10,10,11,13,14,14,12,11,10,14,12,13,14,14,14,13,13,12,10,13,11,13,10,11,10,10,11,0,12,10,14,12,10,10,12,11,12,11,14,13,10,12,10,10,14,12,13,11,11,10,10,13,13,10,12,14,12,10,10,13,13,13,14,10,10,12,12,12,12
13,11,11,13,13,10,10,11,13,11,13,11,14,14,12,10,11,14,14,13,12,13,11,11,11,14,11,12,10,14,12,10,10,13,0,12,13,13,14,14,10,11,13,14,14,11,11,14,14,12,10,14,12,13,14,10,14,10,10,12,13,13,12,11,13,14,12,10,10,12,13,11,11,14,13
11,13,13,12,14,14,10,12,10,14,10,14,12,11,13,12,12,12,12,10,11,14,12,11,10,14,10,13,12,13,13,12,12,14,12,0,11,10,12,11,12,13,11,11,11,13,14,10,14,12,14,10,14,14,14,11,11,10,12,12,10,14,12,10,11,11,12,12,13,13,12,11,10,11,10
12,10,12,11,12,10,13,11,11,12,12,14,12,13,12,11,10,13,10,11,13,10,10,10,14,10,12,12,10,10,12,10,12,14,11,11,0,13,14,10,11,11,12,11,12,13,12,14,13,10,12,11,13,14,10,12,11,14,12,11,12,13,11,11,10,10,12,11,13,12,11,12,11,12,13
14,10,14,12,12,12,10,13,11,12,13,13,10,12,11,14,11,11,12,13,12,10,10,10,12,11,10,10,11,14,14,10,10,11,10,11,12,0,12,10,13,11,10,14,13,12,11,11,13,12,12,10,11,13,14,10,14,10,13,10,10,12,14,11,12,12,13,12,14,12,10,11,14,10,13
11,12,10,11,13,11,14,11,13,13,13,13,11,11,10,10,11,13,11,14,11,11,13,11,10,14,13,11,11,11,10,11,10,14,12,13,14,13,0,10,13,11,10,10,12,13,14,11,11,14,11,14,13,12,11,11,14,13,13,11,13,13,12,10,12,12,12,12,12,13,11,11,13,12,13
13,11,11,10,12,11,12,11,12,14,12,12,13,14,13,13,14,10,12,12,14,13,14,13,10,11,12,14,13,12,10,11,10,13,12,14,13,12,10,0,14,11,11,10,11,10,10,13,12,14,10,11,10,11,10,13,10,12,12,10,11,13,13,13,14,14,11,12,10,12,13,14,11,14,12
10,13,12,13,13,14,12,14,10,12,10,14,10,10,10,12,12,10,12,13,10,12,13,10,11,13,12,13,10,10,10,14,11,13,14,10,12,13,14,10,0,14,13,12,10,13,14,11,12,14,14,10,14,14,10,11,13,14,12,11,14,12,13,14,14,12,10,13,11,10,14,10,13,10,11
14,11,14,12,11,12,12,10,13,10,10,10,14,10,12,11,10,14,12,10,13,10,14,13,12,13,11,14,11,14,14,11,13,13,11,14,13,12,10,14,11,0,11,10,13,13,11,10,13,14,14,14,10,11,10,12,14,12,11,14,13,11,13,14,13,11,13,12,11,14,12,13,13,13,13
14,12,10,10,14,11,12,12,10,12,10,13,10,13,11,11,12,12,12,12,12,12,11,11,11,10,14,14,14,11,10,11,12,12,10,14,14,11,11,13,11,13,0,13,11,13,13,13,13,14,12,10,10,10,11,10,11,11,14,13,14,11,12,13,13,11,13,11,12,12,12,12,10,10,14
11,14,14,14,12,13,11,10,10,11,11,14,11,11,12,14,13,14,13,11,11,14,14,14,10,14,12,10,11,12,10,10,10,10,14,11,11,11,11,10,13,11,11,0,12,11,11,12,10,10,13,13,12,12,13,12,11,14,14,14,12,10,10,14,12,11,11,14,10,11,11,12,11,13,12
13,10,12,12,12,13,11,12,10,12,13,12,13,11,12,13,11,11,12,13,14,12,11,14,10,10,11,12,13,14,10,11,14,14,14,12,14,12,12,10,10,13,10,11,0,13,14,13,13,12,12,10,10,14,14,12,11,13,12,12,11,11,14,13,11,12,11,13,13,11,10,13,13,14,11
12,11,12,10,10,11,12,13,14,10,14,10,12,14,11,13,13,11,10,10,13,11,14,13,14,11,10,14,11,12,14,11,10,12,11,11,13,13,12,10,14,12,10,12,12,0,11,14,13,11,12,11,11,13,14,13,11,12,13,10,13,10,13,12,12,11,12,14,10,13,10,14,10,14,14
10,10,10,11,11,12,12,11,12,13,10,12,13,11,14,14,13,10,12,13,10,11,10,12,11,14,12,14,10,11,13,11,12,13,13,12,10,10,12,12,10,13,10,13,11,13,0,14,12,11,13,11,14,12,10,14,14,10,13,10,11,10,13,11,11,10,14,10,14,13,11,13,13,12,14
12,11,10,11,11,12,10,14,12,11,14,13,13,12,14,13,12,12,14,10,12,12,12,14,13,11,12,10,14,14,14,13,11,12,12,12,14,13,11,12,11,10,10,14,11,11,11,0,13,14,14,13,11,13,11,12,10,14,10,12,14,10,14,10,13,12,11,12,10,14,12,13,13,10,12
14,12,11,12,12,12,10,14,11,14,10,13,14,14,10,11,12,13,10,12,12,11,14,12,12,10,14,10,13,11,10,10,10,11,12,14,14,12,12,10,13,10,13,10,12,13,11,12,0,10,13,14,14,12,13,14,12,12,13,14,12,12,10,10,14,13,10,13,13,12,11,12,10,11,10
13,11,13,14,10,14,14,12,10,10,11,11,12,12,11,10,11,10,13,10,12,13,14,13,11,11,10,13,10,13,10,14,13,12,14,12,13,13,13,10,13,10,14,10,12,12,12,11,11,0,12,14,12,12,10,12,10,12,14,12,13,13,11,11,11,14,12,12,10,12,14,11,13,11,12
11,12,13,14,10,14,13,14,11,13,14,12,12,12,14,13,10,14,11,14,11,12,13,13,10,10,14,12,13,12,10,11,10,14,14,10,12,13,14,13,14,14,14,13,12,12,14,10,10,14,0,13,12,11,11,10,14,13,14,13,10,14,10,11,13,12,12,12,12,13,14,10,12,14,12
14,12,12,14,11,13,10,14,12,14,14,13,14,14,13,14,12,12,14,14,14,14,12,11,11,14,14,11,11,11,13,11,12,13,11,12,11,13,13,10,14,14,13,11,14,13,13,12,14,13,11,0,13,12,10,13,10,14,11,13,11,13,14,13,10,11,12,11,10,12,10,13,14,13,14
14,14,10,10,11,12,11,12,12,12,14,14,13,11,10,11,13,14,14,12,11,14,11,12,10,11,12,12,10,13,10,12,14,13,10,13,10,14,10,10,10,11,11,10,11,11,14,14,10,11,12,13,0,14,11,13,10,13,12,14,14,10,13,11,14,12,12,10,10,10,11,10,13,14,14
11,14,13,10,11,14,12,12,12,14,10,12,13,12,10,10,14,12,14,10,10,11,10,12,12,14,10,13,14,13,10,13,13,10,14,13,11,13,11,10,12,12,11,12,13,10,13,12,10,14,12,12,14,0,14,13,10,14,11,12,12,14,14,13,13,13,11,13,13,12,11,14,11,11,13
13,13,14,13,13,12,10,12,13,14,11,12,13,13,11,14,13,10,10,13,11,13,13,12,13,12,12,10,14,13,10,10,11,10,11,14,10,11,13,10,11,11,10,13,12,10,12,14,11,13,13,14,11,12,0,12,14,10,11,14,10,10,10,13,14,14,11,11,12,12,11,14,11,11,14
12,14,12,14,10,12,14,12,13,11,14,10,13,13,13,11,14,13,11,12,10,11,13,10,14,11,13,14,12,14,14,11,12,11,10,13,12,10,11,12,11,12,12,11,14,13,12,13,14,10,12,10,14,14,14,0,10,11,11,10,14,13,14,10,13,12,13,13,12,12,14,13,14,12,14
11,12,14,11,11,10,13,10,14,11,12,13,11,13,11,10,11,11,10,11,13,11,12,13,14,11,10,10,11,10,12,13,13,10,12,12,11,14,10,14,11,13,10,14,10,13,11,10,10,12,12,12,13,10,11,14,0,14,10,12,14,10,13,13,14,14,14,14,11,10,14,13,12,11,11
10,14,11,12,12,10,10,14,14,13,12,14,14,12,14,13,12,11,12,10,13,12,14,10,10,11,14,14,10,10,13,10,11,12,10,11,13,12,12,11,13,11,13,14,12,14,14,11,12,12,11,12,10,10,12,12,10,0,11,12,11,11,10,14,14,14,11,13,12,12,12,14,10,13,10
11,12,13,14,12,11,11,12,12,12,13,11,10,10,14,12,11,12,14,10,10,13,11,14,14,11,10,12,14,14,12,11,13,14,13,10,14,10,13,11,10,14,13,11,10,13,10,12,13,10,11,12,10,13,14,13,10,14,0,14,11,10,13,12,12,10,12,13,11,12,13,13,10,13,13
10,11,10,14,14,11,10,12,14,14,12,14,10,10,14,14,14,14,10,11,11,11,11,10,11,12,14,14,10,14,11,11,13,12,12,13,13,11,10,13,11,12,14,13,10,10,12,13,11,12,13,13,10,12,12,13,14,14,13,0,11,12,10,12,10,12,11,11,12,12,11,11,13,14,12
10,13,12,13,10,10,10,11,13,13,10,13,11,11,10,14,14,14,12,13,10,10,10,13,10,13,14,14,10,10,11,10,13,12,11,13,10,11,14,13,10,10,12,13,14,14,10,10,12,13,11,12,10,10,11,10,13,13,12,11,0,11,11,10,13,12,10,14,13,14,12,13,12,14,14
13,14,12,11,14,11,13,13,12,12,13,14,14,13,11,11,10,11,14,12,11,14,10,14,11,13,14,11,10,10,14,14,12,11,12,11,12,11,14,10,12,12,14,12,14,12,11,11,12,13,11,12,13,11,12,13,14,13,14,11,12,0,11,13,11,13,13,11,12,10,14,14,13,12,13
10,14,10,12,14,13,12,13,14,12,13,12,11,10,13,14,11,13,11,13,13,10,13,12,14,11,11,13,11,12,13,13,14,14,11,13,13,12,14,11,13,13,12,10,13,10,12,11,14,11,12,10,11,14,10,14,10,12,12,13,12,13,0,12,12,13,10,12,11,14,10,10,14,14,10
14,14,13,13,13,13,13,14,14,14,14,13,11,10,14,11,12,10,14,11,13,10,11,14,12,13,13,11,12,13,10,13,11,11,10,10,11,12,13,13,14,13,13,12,13,10,13,12,12,12,13,10,10,13,12,13,12,13,10,10,10,12,12,0,11,14,11,12,10,10,13,14,14,11,10
11,10,11,14,11,12,10,10,13,14,10,10,12,12,13,11,13,12,11,13,12,12,10,12,13,12,12,12,12,14,12,13,13,14,11,11,12,13,12,13,10,10,13,12,10,13,13,14,11,13,10,12,13,13,12,14,14,13,11,13,14,12,13,14,0,12,12,12,13,11,11,13,14,14,13
13,12,13,13,12,14,13,13,11,13,14,10,10,10,11,12,12,13,12,14,14,13,12,14,10,13,11,10,12,14,14,10,12,14,10,10,10,11,11,11,14,10,10,14,14,11,12,11,11,13,14,10,12,10,13,14,10,13,13,13,12,13,10,11,13,0,13,12,10,10,11,11,11,12,10
14,14,12,12,14,13,11,14,13,14,10,14,12,11,11,10,10,11,13,12,14,10,14,14,10,11,13,12,11,14,11,13,12,12,11,14,12,12,14,14,12,13,14,11,10,13,11,11,13,14,10,10,12,14,11,13,14,13,12,13,14,14,13,13,12,12,0,12,10,10,11,13,13,12,13
10,11,11,12,13,11,10,12,13,11,13,11,10,12,10,13,14,13,14,10,14,13,14,10,14,13,11,10,11,11,11,12,12,14,14,10,12,11,14,10,13,12,10,11,10,10,11,14,14,11,12,14,13,11,13,11,11,10,13,14,10,14,11,11,14,11,13,0,11,12,10,11,12,14,14
12,12,12,13,10,13,11,11,10,14,14,12,14,11,10,13,13,11,13,14,14,13,10,14,11,13,11,10,12,13,10,14,14,14,14,11,14,12,14,14,13,14,14,11,12,12,11,12,10,14,12,14,14,14,14,13,11,13,12,11,11,10,14,11,13,10,12,10,0,12,13,14,11,12,13
11,10,14,14,11,14,11,14,10,12,11,11,14,10,14,10,14,10,10,12,12,12,10,12,13,12,14,11,14,11,10,10,12,11,13,14,14,12,11,12,10,12,10,11,14,12,10,12,10,11,14,13,10,14,10,13,10,11,10,14,10,10,14,13,12,10,14,13,12,0,14,11,12,13,12
12,10,12,13,12,10,11,11,10,13,12,12,10,12,10,14,13,12,11,12,12,14,12,12,14,13,12,12,10,11,10,11,14,12,12,14,11,11,14,14,13,13,14,11,10,10,10,12,12,12,11,14,10,11,10,12,13,14,14,13,13,14,11,14,13,10,12,12,10,10,0,12,11,13,11
13,14,10,11,11,14,13,10,14,12,14,10,11,13,12,14,11,11,12,10,11,14,11,14,12,14,12,13,12,11,10,14,11,13,12,11,12,11,13,14,10,12,14,14,14,12,14,14,14,10,14,10,13,12,14,14,12,10,13,12,11,14,13,13,12,10,14,12,10,10,12,0,10,13,13
14,14,14,12,14,10,10,13,13,11,12,14,10,13,13,13,14,11,13,11,12,11,13,10,12,14,13,11,14,13,12,14,12,10,13,10,14,10,10,13,11,13,10,12,10,12,10,10,14,11,11,11,11,12,10,13,10,13,14,10,11,13,13,14,13,13,11,14,10,13,13,13,0,10,14
14,14,10,11,10,14,13,13,12,12,12,11,12,10,10,10,14,10,10,10,11,13,14,10,13,12,10,10,14,11,13,12,10,12,13,11,12,14,13,10,11,13,11,11,12,12,11,11,14,10,13,12,13,10,13,10,14,14,13,12,14,13,13,10,13,14,10,14,11,14,12,14,12,0,10
13,13,11,12,13,10,11,13,11,14,12,11,14,10,13,12,11,12,11,11,11,13,14,11,13,13,12,11,10,10,12,13,10,13,12,14,14,11,11,12,11,10,12,13,12,12,14,14,11,14,12,14,13,10,14,14,13,10,14,14,13,14,13,10,11,14,11,10,13,14,13,14,11,13,0
