R=75
Pi=(12,11,14,17,16,14,13,19,11,16,10,12,13,19,16,16,12,16,17,17,19,10,11,13,17,11,17,13,18,18,15,17,16,10,19,18,18,10,15,15,12,19,16,13,14,16,16,14,12,13,15,11,13,16,13,11,19,10,19,14,16,10,11,12,10,13,15,13,19,18,17,12,11,11,14)
A=
1,2,47
4,5,53
5,6,53
7,8,51
8,9,56
10,11,0
11,12,0
13,14,0
14,15,0
15,16,0
16,17,45
19,20,40
20,21,42
21,22,0
23,27,0
27,29,55
30,31,59
31,32,0
32,33,0
33,34,0
34,35,0
35,36,45
36,37,0
38,40,53
45,47,0
48,50,43
52,54,53
55,57,0
57,59,42
58,60,45
61,63,0
64,66,0
65,67,52
67,69,0
70,72,59
72,74,0
73,75,45
Sij=
0,14,13,14,14,11,10,10,13,12,11,14,11,12,10,10,12,11,14,12,12,10,10,14,14,13,14,13,11,12,11,13,10,12,12,13,10,12,12,11,13,13,10,12,13,13,13,10,13,11,12,11,13,12,14,11,14,14,14,11,11,11,13,10,10,13,13,13,10,11,10,10,13,13,14
13,0,10,13,10,11,14,14,14,10,14,10,14,12,12,10,14,11,12,11,14,11,10,14,11,10,14,10,14,11,11,12,12,10,13,10,11,10,13,12,11,12,12,13,10,14,13,10,10,14,12,13,13,12,13,12,13,10,11,14,12,14,14,13,14,12,13,14,14,12,14,13,12,14,14
12,14,0,12,14,12,11,13,14,14,14,12,14,14,11,10,12,10,14,13,10,12,12,13,13,12,11,14,11,13,10,13,11,13,12,11,13,11,11,14,12,14,14,14,13,11,13,13,13,13,10,13,13,13,14,12,14,10,13,11,10,12,11,11,14,10,11,10,12,10,12,11,14,10,11
11,13,13,0,10,12,14,12,10,13,13,11,14,12,14,10,11,12,12,10,13,10,12,12,10,13,10,13,11,12,10,13,14,13,12,13,14,11,10,11,12,12,11,13,13,12,10,13,11,11,13,14,13,14,12,10,13,10,13,11,12,10,11,12,12,14,12,11,14,11,11,10,12,11,12
10,13,14,14,0,12,12,11,11,14,14,10,10,14,11,11,14,13,13,13,14,11,11,13,10,13,14,14,14,10,10,12,12,12,11,11,12,14,10,10,13,10,14,12,13,12,13,12,10,13,11,12,12,13,12,11,13,14,13,10,12,13,12,11,13,12,12,13,13,14,13,14,12,12,10
13,11,14,10,13,0,14,12,13,10,13,13,14,14,14,10,12,13,10,10,12,14,13,13,13,10,14,10,14,11,14,11,14,10,13,13,14,14,13,10,10,10,10,11,12,10,13,13,13,13,11,10,13,12,10,10,14,13,10,10,14,14,12,12,11,11,14,14,11,11,10,13,10,10,10
11,14,12,11,13,12,0,10,12,11,14,14,13,12,10,12,13,11,13,13,10,11,13,12,10,10,11,14,12,12,12,12,10,12,12,13,10,12,12,12,12,13,11,11,12,12,13,11,13,13,12,14,14,12,10,13,13,12,12,11,12,13,13,10,13,11,14,10,14,12,11,11,13,11,10
11,14,12,14,12,11,14,0,10,13,14,13,13,12,12,13,14,13,10,11,10,14,10,11,12,11,12,13,11,11,11,11,10,12,11,13,14,11,12,14,14,13,13,14,10,14,13,11,12,11,12,13,10,12,11,10,10,13,14,13,10,12,12,13,12,13,13,10,11,13,14,13,10,11,11
11,11,11,10,13,12,11,10,0,10,14,13,10,12,11,11,13,10,12,14,14,12,10,14,11,11,11,12,10,14,11,14,12,13,11,14,13,14,12,11,10,13,12,12,13,14,12,10,14,14,10,13,11,11,12,14,11,11,14,13,11,10,11,11,13,14,10,11,10,11,12,13,12,10,13
10,14,13,10,12,13,10,13,10,0,13,13,13,10,11,12,13,12,14,14,14,10,12,10,13,14,13,11,14,12,12,11,11,10,12,11,14,12,10,12,14,11,12,10,12,10,11,14,10,13,13,10,14,13,11,13,13,14,14,11,14,12,10,10,13,12,11,13,13,14,12,10,11,12,14
13,13,11,13,13,12,13,10,11,14,0,12,11,12,14,14,13,10,12,13,12,12,10,11,12,14,13,13,11,10,10,13,13,12,14,12,10,12,10,11,14,10,12,14,11,11,10,14,13,13,11,12,12,13,14,11,12,11,13,14,14,14,12,14,10,11,13,14,13,11,14,11,14,11,14
12,10,11,10,11,13,14,14,13,14,13,0,10,10,13,12,10,13,13,11,12,10,13,12,14,10,12,11,10,12,13,10,12,11,13,11,11,10,11,12,10,14,14,13,10,11,10,13,10,10,10,10,12,13,13,13,14,12,12,14,14,12,13,11,14,14,10,14,11,11,10,10,12,11,11
12,10,14,12,12,14,13,10,10,12,12,12,0,14,12,14,12,13,12,11,12,13,10,12,13,10,11,11,12,14,14,10,13,10,12,11,12,14,10,10,14,10,11,13,14,12,11,11,11,11,14,11,12,10,13,12,11,13,10,11,11,13,10,11,10,11,13,12,11,10,11,12,13,12,11
11,11,12,13,11,14,14,14,11,14,13,13,13,0,11,14,10,14,13,14,14,11,10,14,13,12,13,14,10,10,14,11,13,14,14,11,11,14,14,13,12,11,13,14,11,12,13,10,10,11,10,12,14,14,13,10,11,12,13,10,13,10,14,13,11,13,14,13,14,14,13,11,14,10,12
12,12,10,12,11,13,12,13,13,10,12,12,14,11,0,13,10,13,10,14,14,12,12,14,12,13,12,14,11,10,13,14,12,13,12,10,12,11,14,12,11,11,11,10,13,14,11,10,12,10,14,14,10,10,10,14,10,12,12,14,13,13,10,12,14,10,14,13,12,11,10,14,14,12,12
13,10,11,11,13,12,12,12,11,11,13,13,11,13,12,0,14,10,13,10,14,13,11,13,10,13,14,12,12,10,14,10,10,13,13,12,14,14,11,14,11,10,11,13,11,11,11,13,14,10,11,10,10,13,13,14,11,11,10,13,13,14,14,11,12,10,13,10,13,11,12,10,13,13,14
13,12,13,11,14,11,11,12,12,14,13,14,12,14,14,10,0,12,13,13,11,11,10,14,11,10,13,10,10,12,12,10,12,12,14,10,12,13,10,10,11,12,11,12,12,13,11,10,11,13,10,10,12,10,12,12,12,12,11,10,11,11,10,10,10,13,11,12,13,14,12,12,12,12,12
13,14,13,11,12,14,12,14,11,11,12,13,11,14,11,12,14,0,11,14,14,10,11,11,12,13,11,14,12,11,11,13,12,14,13,13,13,13,10,14,11,14,12,14,13,12,10,10,12,12,11,13,11,13,13,12,12,12,11,13,10,10,10,12,10,13,14,13,13,10,13,13,13,12,12
10,13,12,13,14,13,11,11,10,10,13,12,14,11,11,11,10,12,0,12,13,11,14,14,13,14,13,11,11,11,13,13,14,13,10,13,14,10,13,11,14,14,13,14,12,12,11,14,12,11,14,12,11,10,14,11,11,13,13,14,11,12,14,14,11,12,13,13,14,12,12,11,11,10,12
14,12,14,12,11,13,13,13,10,12,11,11,13,14,13,12,10,11,14,0,10,12,14,13,13,14,13,12,10,10,14,13,10,10,13,14,13,11,10,12,10,12,13,14,11,14,10,14,13,10,10,11,14,12,10,14,10,14,10,12,12,10,13,13,10,14,10,11,10,14,10,10,14,14,13
13,14,14,11,13,14,13,13,14,10,13,13,12,14,13,14,14,11,13,14,0,14,13,10,14,12,13,13,14,13,10,14,11,14,13,12,10,10,12,11,12,13,12,14,12,12,10,13,11,11,10,11,14,11,14,13,14,13,14,14,14,11,14,10,13,10,11,13,14,12,12,13,11,14,10
10,12,14,12,12,11,10,11,12,13,14,14,14,10,14,12,12,11,13,12,11,0,14,12,10,11,10,11,14,14,13,11,14,10,11,13,11,10,10,12,12,14,14,11,11,14,10,11,13,14,10,10,12,13,12,14,11,10,13,10,11,10,11,12,14,12,10,14,13,11,13,12,11,13,10
13,11,13,10,11,11,14,12,10,14,13,13,10,12,12,12,10,11,10,11,12,12,0,12,12,13,13,11,13,12,10,12,14,14,13,14,12,12,14,11,14,11,12,11,13,10,13,10,12,11,13,12,10,11,11,12,10,13,11,11,13,14,11,10,14,11,13,14,11,13,14,10,10,10,10
14,10,10,14,11,10,13,13,11,13,12,11,13,12,10,13,14,10,13,13,14,10,11,0,11,11,11,14,13,13,11,13,12,10,10,11,12,10,14,10,11,14,11,14,11,12,10,10,12,11,14,10,14,12,11,10,14,13,13,13,14,11,10,10,14,10,10,10,12,10,13,13,14,10,11
13,13,11,14,14,11,11,11,12,13,11,14,14,14,14,12,13,11,10,10,10,14,10,14,0,11,12,14,12,11,13,11,10,14,10,12,12,13,13,13,12,13,14,13,11,13,11,10,11,13,13,14,12,14,14,11,14,13,11,13,12,11,13,10,14,12,11,10,13,11,12,14,14,12,13
12,10,11,13,11,10,11,13,14,13,13,14,11,14,14,13,14,11,10,11,11,14,14,13,14,0,12,11,11,14,10,13,10,14,10,12,10,12,14,10,13,10,12,14,11,10,12,14,10,14,13,13,12,14,10,12,12,11,12,14,13,14,10,14,13,14,13,14,10,12,13,10,14,11,12
10,13,10,12,13,11,12,10,11,11,12,11,10,13,13,14,13,10,10,11,14,10,13,10,11,12,0,13,14,12,11,12,13,11,12,10,14,11,14,14,12,11,13,13,12,11,13,12,10,12,12,14,10,14,14,13,10,14,10,11,10,13,13,12,10,13,13,14,13,13,13,12,14,10,12
14,10,12,10,14,12,10,12,11,10,11,11,14,12,14,14,14,11,13,13,14,13,10,12,13,12,14,0,13,11,13,10,10,10,11,14,12,12,13,11,13,10,10,11,12,14,12,14,12,14,13,14,10,11,11,13,11,14,10,11,11,13,11,10,12,14,10,11,12,12,11,12,10,10,10
13,13,11,13,12,11,13,11,14,13,14,14,14,13,13,13,13,12,11,14,14,13,14,13,12,13,10,11,0,14,12,11,13,10,11,13,14,14,11,12,10,12,11,12,12,13,14,11,13,14,14,13,10,14,10,10,10,14,13,10,13,11,12,12,11,11,11,14,13,14,13,13,12,14,11
12,12,10,11,10,13,12,11,12,14,14,11,14,14,10,13,10,11,10,13,13,10,14,11,11,12,10,13,13,0,10,10,11,10,12,13,13,14,12,12,12,11,14,14,12,12,10,11,10,12,11,13,12,11,10,12,12,13,14,10,12,12,13,13,11,13,12,10,11,11,12,14,12,13,13
12,14,10,12,13,10,10,10,10,12,12,13,10,10,10,11,10,14,11,10,14,12,11,12,13,14,14,10,14,10,0,12,10,13,13,13,12,11,10,10,14,12,12,12,10,14,10,12,10,11,14,12,14,11,13,13,14,13,13,13,14,10,10,10,10,10,11,14,12,11,12,14,14,13,12
12,12,10,10,12,13,11,14,13,14,13,12,14,10,14,14,14,13,12,11,13,11,11,12,10,13,10,10,13,14,14,0,12,10,13,10,11,14,13,10,10,12,11,11,11,11,12,12,13,12,12,12,11,12,12,13,10,10,12,10,14,12,10,11,14,14,10,11,10,10,12,10,11,12,11
13,12,14,10,10,12,11,11,13,11,11,13,10,12,10,14,11,11,12,10,13,12,10,12,11,11,11,11,13,14,12,11,0,13,10,14,11,10,10,12,13,13,10,12,14,12,11,10,13,10,10,11,13,13,12,12,11,12,12,13,14,11,10,12,13,13,10,14,14,13,13,13,11,14,14
12,12,14,10,10,10,11,12,10,13,12,13,12,11,12,13,14,13,11,13,11,13,12,14,11,12,11,10,10,11,11,10,14,0,14,14,10,11,11,11,13,12,14,14,14,10,10,12,12,12,14,14,14,14,10,12,14,14,14,14,12,13,11,11,13,11,11,13,13,12,12,11,12,11,13
10,12,13,13,13,10,10,13,13,11,12,11,11,13,11,14,10,12,12,14,14,11,12,10,12,13,11,13,10,14,12,12,13,11,0,10,14,11,11,10,13,12,14,12,10,11,14,10,10,11,12,12,14,14,12,13,13,10,12,10,14,14,11,13,13,13,10,13,14,13,12,13,13,11,14
11,14,13,12,14,12,13,11,11,12,12,12,12,10,13,12,14,13,10,10,13,11,11,14,11,11,11,11,12,14,14,13,13,10,10,0,13,14,12,13,12,11,13,14,10,11,10,12,12,11,10,12,14,13,10,10,10,13,14,10,13,11,12,14,12,12,14,14,11,14,10,12,11,10,13
14,10,11,11,13,11,13,13,10,11,12,10,10,13,14,10,10,14,12,10,10,14,14,12,12,11,11,11,13,10,12,10,14,14,10,10,0,14,12,11,14,14,13,11,12,10,12,14,10,11,14,10,13,14,14,12,14,11,14,13,11,14,12,10,14,13,11,10,10,12,14,10,12,13,12
10,12,12,11,12,14,12,10,14,13,10,14,11,10,11,11,14,10,13,10,14,12,13,12,14,13,12,13,13,12,13,12,10,11,14,10,11,0,10,11,13,13,13,12,11,13,14,14,10,13,11,10,10,14,12,12,13,14,14,11,13,12,13,12,11,14,13,14,14,10,11,14,14,13,10
11,11,14,11,14,14,14,12,10,11,12,13,13,12,13,11,10,12,13,13,11,10,11,10,12,14,10,14,14,11,11,10,12,13,11,11,13,12,0,10,12,14,10,12,10,14,11,10,11,11,14,11,12,11,10,13,10,14,14,14,10,14,14,12,13,14,11,11,14,11,11,12,13,11,10
13,11,12,10,11,10,14,13,13,14,10,14,14,12,10,10,12,13,13,10,12,10,12,13,11,13,10,10,10,14,11,13,10,10,11,12,13,14,13,0,13,10,11,10,13,13,10,11,14,14,11,14,14,14,11,13,13,13,13,14,12,10,13,13,14,12,11,14,14,10,12,11,12,10,14
14,11,10,14,10,10,11,10,11,14,14,12,13,13,11,13,14,14,10,10,12,12,12,10,10,11,10,12,13,11,14,12,13,10,12,11,13,14,13,13,0,11,14,11,14,10,14,13,10,12,12,13,12,11,10,12,11,13,14,13,13,14,14,12,14,14,11,14,13,10,14,10,14,11,12
13,12,11,13,10,10,13,10,14,11,13,12,10,12,12,11,13,13,10,14,13,12,12,11,14,13,10,10,10,12,12,13,10,14,11,14,10,10,13,13,14,0,14,14,11,10,12,10,11,10,14,11,11,14,11,13,11,10,14,14,11,10,13,10,12,14,10,11,11,10,13,10,13,14,11
14,13,13,11,11,11,12,13,14,10,10,10,13,13,10,10,14,11,10,12,13,11,14,11,11,10,11,14,11,12,13,13,11,12,11,10,12,13,13,13,13,11,0,13,14,11,13,12,12,10,14,13,14,12,12,13,13,13,11,14,10,14,12,12,12,12,12,14,10,12,10,12,10,13,12
13,11,12,10,10,13,13,13,14,11,13,13,10,13,14,13,11,11,14,12,13,10,14,10,12,13,14,11,10,10,11,13,11,10,14,12,10,13,11,11,12,11,13,0,11,14,13,12,10,11,13,13,11,11,10,14,12,11,12,13,11,13,11,13,13,14,10,11,10,14,11,12,13,10,12
14,11,12,13,11,13,11,13,14,11,11,10,11,11,11,12,10,13,14,14,12,10,12,10,11,14,11,11,11,14,11,10,11,13,10,12,10,13,10,10,10,14,11,12,0,11,14,13,10,14,12,10,14,13,10,10,14,13,11,11,12,11,14,12,10,10,11,13,12,10,13,11,12,12,14
13,12,13,10,13,12,10,10,12,14,14,11,11,10,13,11,13,13,11,13,13,10,12,11,11,14,10,10,10,10,10,12,11,13,11,12,10,13,13,14,11,10,11,13,10,0,13,10,12,14,14,10,13,11,14,11,13,10,11,14,13,12,10,10,12,14,11,14,12,13,10,10,10,14,12
12,12,13,13,11,12,14,12,11,11,10,11,11,12,12,13,12,13,14,10,11,11,10,14,14,14,14,12,13,14,13,10,14,14,11,14,14,11,10,11,13,14,13,14,11,12,0,10,11,10,10,13,11,11,14,10,11,12,14,14,11,13,11,13,11,12,10,12,11,10,13,14,10,12,12
11,12,12,10,13,11,13,12,12,13,11,11,13,10,13,10,11,14,12,14,13,12,10,12,12,11,10,13,10,12,10,12,14,13,12,13,14,11,11,12,12,10,14,10,10,10,11,0,12,13,10,11,14,12,13,14,14,11,14,13,11,11,10,12,10,13,13,12,10,12,10,11,14,13,10
11,12,12,10,11,11,10,13,10,10,10,10,10,10,13,13,11,14,13,14,11,12,12,13,11,12,13,10,14,12,14,11,10,12,12,11,11,11,13,12,10,12,10,11,14,13,13,12,0,11,13,13,11,11,14,14,14,14,13,13,13,12,14,13,12,11,14,14,12,12,12,11,10,10,11
13,13,12,11,14,13,14,10,14,11,13,12,10,11,13,13,11,12,12,10,14,11,14,12,10,10,13,10,14,13,11,13,11,14,10,11,11,13,14,10,14,12,10,12,14,13,14,12,14,0,14,10,14,12,10,12,12,14,14,10,14,14,13,11,10,14,14,11,10,11,12,11,12,13,12
10,11,11,11,12,12,11,10,11,10,13,12,11,10,12,12,11,12,13,10,10,10,10,14,13,14,12,14,11,12,13,13,11,10,14,10,11,12,12,12,13,13,12,11,12,11,13,10,12,13,0,10,14,13,12,11,10,10,11,12,13,14,11,14,13,12,10,11,10,10,12,11,14,10,10
12,11,12,14,12,12,10,12,11,12,12,13,14,13,13,14,14,14,14,13,13,11,14,14,14,12,14,12,14,10,11,10,14,13,14,14,12,11,14,10,12,12,10,11,11,13,11,13,12,11,12,0,12,14,11,12,11,12,13,10,10,12,13,12,11,10,11,14,11,13,13,11,13,10,13
10,10,11,12,12,10,10,11,10,12,12,14,11,12,10,13,11,14,10,13,12,14,10,13,10,10,13,10,14,13,14,14,11,10,10,12,10,10,10,14,14,11,12,14,13,11,10,11,10,14,11,12,0,13,11,11,11,10,12,11,12,12,10,11,12,13,13,13,10,12,12,13,11,13,10
14,11,12,10,10,14,10,11,14,14,11,11,11,10,14,14,12,13,13,12,12,13,14,10,11,10,12,14,14,13,11,10,14,12,11,14,14,14,12,12,12,10,11,12,10,11,11,13,10,12,14,10,12,0,10,12,11,11,11,14,14,11,10,12,10,12,11,12,13,13,10,10,13,11,11
14,12,11,12,14,14,13,14,13,11,13,11,12,13,10,10,12,12,10,12,10,12,13,11,14,14,14,13,14,10,12,11,13,11,10,10,14,14,12,14,11,11,11,10,11,11,13,13,13,12,12,13,12,13,0,11,12,14,10,13,14,10,10,10,12,14,12,12,10,13,14,11,13,14,10
10,13,10,12,14,13,10,10,14,12,13,14,13,10,10,13,10,14,11,12,13,11,11,14,10,14,13,13,10,13,11,13,13,11,12,12,12,11,10,14,14,14,10,13,14,10,13,12,10,14,14,11,12,12,11,0,14,11,11,11,10,14,12,10,11,10,14,10,12,12,12,11,14,13,11
13,14,10,13,14,10,11,10,12,10,14,14,11,11,14,13,10,10,14,10,10,11,14,13,12,14,14,11,10,13,13,14,12,11,14,12,13,13,11,11,13,13,10,14,11,10,13,14,12,14,11,10,14,13,10,11,0,14,11,11,10,11,10,10,13,12,14,12,14,11,11,14,12,14,13
11,11,11,14,11,11,10,10,13,11,11,13,10,14,10,12,13,12,12,11,10,13,13,11,12,12,13,14,12,10,14,14,10,10,12,14,14,14,14,14,14,11,11,14,12,13,14,12,13,13,13,12,10,13,13,12,13,0,10,12,14,12,11,12,13,11,12,12,14,11,11,13,13,12,12
11,14,12,13,13,13,12,10,10,13,11,12,14,12,12,14,10,14,12,10,12,13,13,12,12,10,11,10,11,12,10,10,10,13,12,14,10,14,11,13,12,11,11,13,12,14,12,10,11,12,10,13,11,11,14,13,10,14,0,11,13,12,12,14,12,13,11,12,11,10,12,13,11,13,13
13,11,12,10,10,13,12,10,13,13,11,12,14,13,13,13,14,11,13,12,11,10,11,13,10,10,11,11,14,13,13,13,14,12,13,13,10,14,13,12,11,11,13,11,10,10,11,13,12,11,13,12,13,11,12,13,14,13,10,0,14,11,10,11,10,10,12,12,11,14,10,12,14,12,10
10,14,12,10,12,14,14,12,13,13,10,11,10,13,14,10,13,12,14,13,10,10,10,13,11,12,12,10,14,12,13,13,14,12,10,12,11,14,11,10,10,13,11,12,14,13,12,13,11,14,11,10,10,14,10,10,14,13,14,14,0,11,13,13,11,10,11,11,13,13,12,14,14,10,14
12,11,13,12,13,12,10,13,13,10,10,12,13,10,12,14,13,12,14,11,13,11,10,10,12,13,12,13,10,14,14,12,14,11,11,13,11,11,10,12,13,13,10,13,10,12,12,10,10,13,13,12,14,14,10,10,11,13,10,10,14,0,11,13,13,10,13,12,12,14,14,13,12,11,12
12,10,11,11,14,14,10,12,13,11,11,12,13,10,10,10,11,13,10,10,12,12,14,12,13,12,14,10,10,11,10,10,10,11,11,10,14,10,13,10,14,12,13,11,11,13,10,12,12,14,12,10,11,11,10,10,10,13,13,11,10,10,0,11,11,11,10,11,11,14,10,10,11,14,10
10,14,13,12,10,14,12,12,12,11,14,14,14,14,11,10,14,11,12,11,10,14,11,12,10,11,12,13,13,11,13,11,10,10,10,10,12,12,13,13,14,12,12,14,12,11,11,11,10,13,10,14,14,12,10,10,13,11,12,14,12,14,14,0,10,13,13,13,13,13,10,13,11,12,13
12,12,12,12,14,13,10,10,12,14,11,14,11,13,10,10,11,10,10,14,10,10,13,11,11,13,12,12,12,14,14,14,11,10,10,13,13,11,11,13,13,11,11,14,14,14,11,10,13,13,14,13,11,13,13,12,13,10,10,10,11,12,13,13,0,10,11,12,11,13,12,11,10,13,11
10,13,13,14,11,12,12,11,14,13,10,11,12,12,12,12,14,12,10,10,12,10,13,12,14,13,11,10,12,10,12,13,14,10,13,14,13,13,13,13,13,14,13,14,13,13,13,14,13,10,12,14,14,12,13,14,14,11,10,13,10,11,14,13,11,0,11,11,12,14,12,14,10,13,12
12,12,12,13,14,10,14,11,11,12,12,13,14,11,11,14,14,12,13,10,13,11,10,10,13,11,11,10,10,10,10,12,10,12,10,10,12,11,11,10,14,13,14,12,10,13,12,10,11,14,13,12,12,13,14,10,12,11,10,12,13,13,11,11,11,10,0,12,11,11,10,11,13,10,13
10,14,11,12,14,10,14,11,14,10,12,13,14,12,13,14,12,10,11,13,12,10,12,13,10,14,10,10,14,11,13,14,11,14,12,14,13,10,11,14,13,11,14,10,13,12,11,10,13,11,12,11,12,12,10,10,11,13,11,10,10,14,12,12,12,13,12,0,10,14,13,11,12,13,11
10,10,11,12,10,12,13,14,11,12,14,12,12,14,13,12,13,10,13,11,14,13,13,11,13,10,10,10,10,10,10,14,12,11,12,10,13,14,12,14,11,10,12,14,13,10,10,13,12,12,10,10,14,12,12,11,11,14,13,10,12,13,13,11,12,14,10,11,0,11,12,13,13,13,14
14,13,10,13,13,13,14,12,13,13,10,10,14,14,13,11,13,14,10,12,11,13,11,11,12,13,10,14,11,14,13,11,12,10,12,13,10,13,10,10,10,14,10,10,11,12,10,10,12,10,14,14,13,10,12,11,11,14,11,10,13,14,11,13,14,13,12,13,12,0,10,11,10,13,14
12,12,13,11,10,14,13,14,12,10,14,14,13,11,13,10,11,10,11,10,12,10,13,11,10,12,14,11,12,11,14,14,10,13,13,10,12,10,13,11,12,13,12,10,14,10,10,10,10,12,14,10,13,13,12,11,13,12,11,12,14,11,12,10,11,10,13,10,13,13,0,12,10,11,14
13,14,13,13,12,14,12,13,11,10,12,14,10,12,10,11,11,10,14,11,11,10,10,11,14,13,11,10,12,12,14,13,13,14,14,12,13,10,10,11,10,11,10,12,13,11,14,11,14,11,11,12,11,10,12,12,13,11,13,13,13,11,11,13,10,14,10,11,12,12,13,0,11,10,12
10,10,14,13,13,12,14,10,11,10,11,11,11,12,11,12,13,12,11,11,13,14,14,11,11,13,10,13,13,11,12,14,11,13,10,11,13,10,12,11,13,12,10,10,12,13,12,13,14,10,13,11,10,13,14,11,11,13,11,10,11,11,11,14,12,11,10,12,12,10,14,13,0,14,14
12,10,13,14,14,12,10,12,13,13,12,11,14,12,13,13,10,14,14,12,14,12,11,10,12,11,13,10,10,14,11,10,11,10,10,14,12,12,14,13,14,14,12,12,12,11,12,12,13,13,14,14,13,12,10,10,13,12,11,12,13,10,11,13,12,11,14,13,12,14,11,13,10,0,10
12,10,14,13,13,11,13,11,11,12,10,12,12,14,10,10,11,10,10,11,10,13,12,14,10,10,12,14,10,14,12,10,13,13,10,14,10,14,13,10,13,12,14,14,13,14,14,14,12,11,13,11,12,14,10,14,12,10,13,13,13,14,11,11,10,14,14,14,14,10,14,11,11,10,0
